10000 2
75 40 0
-51 27 1
-35 -11 1
94 -57 1
-21 -5 1
-8 53 1
-6 35 1
-70 12 1
-70 -84 0
-6 63 0
99 -65 1
-13 -60 1
83 -27 0
-87 -4 1
-2 -100 0
67 66 1
-32 5 0
67 -76 0
19 -70 0
37 -18 0
-35 -34 1
-79 83 1
31 -42 1
-96 22 1
76 7 0
80 30 0
-59 38 0
28 -49 0
45 -18 0
13 35 1
-45 -78 0
-9 79 1
47 -93 1
17 59 0
-81 -98 1
-17 8 1
-80 -77 0
79 -24 0
-22 48 0
74 83 1
-99 -48 0
62 -24 1
-84 -72 0
13 -76 1
-42 -4 0
-94 97 1
-67 -87 0
-82 -52 0
45 -20 0
98 -52 0
98 34 0
-64 38 1
42 -14 1
-2 -43 0
-7 -36 1
-63 14 0
100 -48 1
14 96 0
8 10 0
80 -45 1
-89 38 1
-79 -66 1
-64 42 0
-31 15 0
33 25 1
-67 -48 0
52 19 0
77 81 0
32 49 0
55 91 1
11 87 1
42 2 0
-69 63 0
67 -24 0
9 90 0
-19 13 1
-69 14 0
-79 -75 0
-69 17 0
-88 67 0
98 26 0
-96 -33 1
73 -34 0
22 75 1
-1 -19 1
75 27 1
-97 -26 0
-2 -34 0
-37 51 0
15 -89 1
94 -23 1
95 39 0
-47 -66 0
-38 -25 1
-35 -67 1
32 47 1
-86 -18 1
-23 -37 0
-23 11 1
31 11 1
11 92 1
-21 -80 0
-24 -53 1
-56 26 1
-14 4 0
-56 30 1
93 -68 1
63 -97 1
-99 -57 0
86 63 0
98 71 0
-97 13 1
31 -74 0
-80 -91 0
9 -67 1
37 59 1
-10 -85 0
1 -45 0
-76 -54 1
-76 83 1
-57 -43 0
62 30 1
48 74 1
19 99 0
35 -63 0
-34 -44 0
-75 -70 0
57 35 1
2 -40 0
-71 -91 1
-16 0 1
68 82 0
67 62 0
-95 70 1
-74 -46 1
-51 -94 0
49 -68 0
-80 84 0
-62 18 1
-9 97 0
82 -1 1
-79 -56 1
-100 58 1
-18 -87 0
-55 64 1
65 96 0
17 -24 1
67 -20 0
81 44 1
17 79 1
-6 -2 0
-1 84 1
-74 -64 0
34 -23 0
-14 89 0
-52 50 1
-69 8 0
-51 -42 0
63 86 1
-38 -52 1
14 -70 1
65 -17 0
28 -48 0
-61 -10 0
-76 75 1
66 9 0
79 -8 1
60 -72 0
-84 2 1
-82 38 0
-6 -50 0
27 -72 1
5 79 0
-56 91 0
-29 -81 1
95 3 0
-26 3 1
-32 -6 1
92 -19 1
-59 43 0
65 -75 1
-30 4 0
11 -39 0
-55 16 1
23 22 1
-99 44 1
84 36 0
-71 38 1
-65 -10 0
-80 -72 1
12 13 1
-84 84 0
92 70 1
-46 -50 1
-60 80 1
-57 57 0
42 -77 1
100 76 1
21 73 0
-76 95 1
12 -45 0
-43 -30 1
-16 -34 0
-18 -61 0
-72 -13 0
57 73 0
-77 -61 1
27 34 0
71 -81 1
-56 51 1
94 76 1
27 80 0
41 0 1
87 0 0
56 41 0
-58 34 0
-38 63 1
-73 97 0
-9 -18 1
-64 4 0
55 38 1
92 78 1
-48 63 0
-79 64 0
-11 -61 1
51 -62 0
3 30 0
-75 13 0
-20 -99 0
42 71 1
-82 -34 0
43 -78 0
-29 -71 0
-59 -64 1
83 -42 0
13 -99 0
20 18 0
-26 -49 1
-72 -59 1
9 80 1
1 -34 0
-3 81 0
-57 42 1
46 -67 0
49 20 1
-8 10 0
-30 -38 0
-1 15 0
93 91 1
65 -32 1
34 40 1
-100 -64 1
31 -19 0
59 97 0
45 -59 0
31 13 1
84 99 0
-81 47 1
-22 -100 1
77 15 1
31 3 0
-90 79 1
88 -20 1
-61 51 0
51 50 0
83 -56 1
-51 57 1
17 -12 0
-28 -44 1
-23 33 1
-70 87 1
-93 -64 1
-49 -96 1
25 68 1
48 91 1
52 63 1
27 8 0
-90 38 0
-40 18 0
-27 -39 0
-19 -71 0
-33 51 1
-7 -36 1
95 21 0
-94 -33 0
20 -72 0
19 81 1
-63 -13 0
-20 90 0
1 -60 1
-98 32 0
-75 32 0
-7 -96 1
-80 41 1
27 -37 1
6 32 1
-69 50 0
69 -15 1
-92 42 1
39 7 0
-4 79 0
-31 -92 1
41 100 1
43 -92 0
-70 81 1
32 -38 0
61 85 1
48 -42 0
44 -98 1
54 -28 0
6 19 0
-26 -14 1
15 1 1
-25 -80 0
-66 -52 1
-75 69 1
49 9 0
-46 0 1
-24 66 1
-22 -41 0
83 70 0
41 50 1
74 4 1
-53 60 1
-9 -17 1
85 -30 1
6 -87 0
60 -58 0
-95 43 0
98 7 1
-55 -71 1
56 -15 0
20 -41 1
32 36 1
-55 33 1
-26 35 1
-42 34 1
-96 81 1
-85 -65 1
-17 -91 1
76 -76 1
29 -47 0
60 -61 0
-60 -79 1
-8 -73 1
-72 -90 1
-25 38 1
-44 -84 1
-47 34 1
48 -4 0
-29 27 0
-60 11 0
35 -30 1
80 -9 1
59 53 1
-36 -90 0
72 -89 1
6 -56 0
53 -30 0
-22 -20 0
87 -60 1
49 -73 0
-76 -20 1
11 -47 1
93 73 1
37 -66 1
89 82 0
-91 55 1
80 -99 0
26 -82 1
26 -17 0
-46 47 1
29 -20 0
41 -2 1
37 86 1
64 -76 1
-58 -86 1
-40 -73 0
-91 -84 1
88 9 1
18 60 0
71 86 0
51 37 0
45 -47 0
82 -74 0
41 -73 1
97 40 0
-73 6 0
-13 45 0
92 -79 0
-33 10 0
60 58 1
3 52 1
-94 48 0
-29 -93 1
-33 -24 0
-28 -26 0
64 3 1
88 -9 1
89 45 0
-37 15 0
71 -70 0
51 27 0
-14 -97 1
-77 92 0
78 -2 1
20 -81 0
-15 71 0
-96 -38 0
99 45 1
11 -82 1
-37 16 1
-23 -13 0
1 82 1
11 -90 0
-36 -82 0
100 60 0
-47 8 1
83 87 1
-41 3 0
28 44 0
-83 -86 1
-77 72 0
68 -1 0
12 71 1
-62 17 0
91 56 1
-52 -73 0
-50 -85 0
-31 97 0
-68 54 0
10 -20 1
77 93 0
18 -57 1
-66 -98 0
61 39 1
97 -42 1
-68 96 0
70 35 1
-28 -63 0
-62 67 0
58 -85 1
-1 6 1
-26 25 0
67 23 0
-10 94 1
22 9 0
10 -53 0
-21 97 0
-69 -59 0
2 -53 1
95 -41 1
-8 60 0
81 18 0
55 -85 1
3 -38 0
80 -98 0
-84 72 0
-61 27 0
-90 -96 1
32 58 1
18 -56 1
-15 -100 0
7 -24 1
-69 54 0
-80 -48 0
86 91 1
97 31 0
6 -25 1
-14 -73 1
4 -26 1
-49 51 0
-74 24 0
53 -64 0
78 1 1
53 -56 0
54 62 0
-1 73 1
25 28 1
-62 6 0
22 -52 1
-13 5 1
96 32 0
-59 -36 0
-11 -64 0
-42 -17 1
77 56 0
-99 14 1
1 19 1
95 1 0
61 51 0
-42 29 0
-65 31 1
65 -43 0
-44 -100 1
54 51 0
38 10 0
-60 -81 1
-20 -87 1
-34 65 1
34 32 1
18 -29 1
15 23 0
84 26 1
-34 15 0
-11 -100 1
-78 -35 0
76 93 0
17 94 1
-23 65 1
-67 24 0
-50 -27 0
-38 -78 1
28 49 1
69 -23 0
26 -75 1
60 13 0
-78 36 1
58 -47 1
60 -57 0
-30 -87 1
27 -28 1
53 20 0
-52 27 0
-97 -21 1
-47 -7 1
-47 -24 1
-21 -48 1
-65 67 0
-65 -19 1
-30 -59 0
79 -34 0
76 -82 1
-9 -6 0
64 9 0
-19 20 1
-32 12 1
65 -48 0
71 4 0
61 12 1
-38 3 0
72 -34 1
21 -14 1
96 53 0
-50 -79 1
47 91 1
-93 77 1
32 -40 0
-44 -82 1
-64 73 0
49 16 0
0 51 0
25 49 0
-37 -76 1
-11 49 0
64 51 1
90 -72 0
-83 -12 0
33 -13 0
51 -63 1
-18 -83 0
48 38 1
58 -13 1
-20 -39 0
-61 -88 0
81 24 0
84 -90 1
97 92 0
74 -4 1
-21 15 1
-82 60 0
-23 73 1
4 -35 0
10 -52 0
-63 42 0
56 -28 0
-64 38 0
-56 -90 0
58 66 1
-12 17 0
-43 -23 0
-32 54 0
60 -25 1
100 -32 1
7 -95 1
41 -45 1
8 -84 1
42 76 0
-21 5 1
4 -48 0
31 -57 0
-27 -21 0
-49 54 1
-87 -48 1
-60 -100 1
-31 100 1
-41 -17 0
33 -42 0
-29 43 1
-78 26 1
34 -73 1
-82 -29 1
-45 -77 1
-75 47 1
-19 48 0
-68 48 0
97 71 1
-34 -39 0
-82 -40 1
-99 72 0
42 -80 1
61 47 0
53 16 1
-29 19 0
75 -66 0
-26 39 1
-22 -58 0
98 -60 1
-72 29 1
-34 92 1
-34 26 0
27 -48 0
-66 -3 1
-96 -10 1
32 -33 0
68 -25 0
-40 -14 0
91 55 0
-8 -4 1
1 -39 0
-5 70 0
-1 -66 1
23 -34 0
-33 81 0
-88 36 1
-35 -58 0
49 19 1
-43 -24 1
84 -97 0
2 -20 1
97 -29 0
0 95 1
44 60 0
-36 36 0
-51 -62 1
85 62 0
49 -88 0
92 -78 1
21 8 1
62 -85 1
19 50 0
58 -94 1
-31 -100 0
23 -59 1
-73 34 1
38 -19 1
45 -62 0
-57 -91 1
-60 -15 1
-72 -86 0
8 -79 0
-63 69 0
-13 -12 1
-84 30 1
32 66 0
93 -33 0
13 74 0
89 -27 1
81 -58 0
8 -84 0
49 -100 0
-16 -92 0
87 -53 1
14 69 1
-84 -48 0
-44 -22 1
85 -46 0
62 -50 0
99 97 0
-47 0 0
36 -41 1
-41 92 0
35 76 1
85 -57 1
23 39 0
-6 -73 0
-66 -99 1
21 86 0
10 27 1
51 -74 1
-27 88 0
8 -15 1
87 -2 0
-28 -9 0
-49 -47 0
96 57 0
73 -34 0
-26 18 0
-61 -41 1
37 -26 0
76 -41 0
-9 -97 1
-86 -32 1
-27 -61 0
-71 -40 0
13 53 1
-13 -98 0
32 93 0
4 -33 0
30 -74 1
-91 3 0
-96 -21 0
-57 41 1
97 53 0
-7 51 1
-44 58 1
77 -64 1
-44 -16 0
71 -26 1
-65 -42 0
-12 -82 0
14 -26 0
17 -83 1
2 -8 0
49 -21 1
44 90 1
65 58 0
13 72 0
-28 21 0
-35 5 1
30 60 1
87 2 1
-55 -84 1
21 56 1
-25 -40 1
79 -7 1
90 75 1
-49 83 1
46 70 0
-63 16 1
-24 -32 0
-79 99 0
-54 98 1
-56 70 0
87 83 0
96 -63 1
-31 -35 0
-74 -94 1
6 -14 0
-91 70 0
12 -25 1
-91 -20 0
38 58 0
-67 -26 1
100 -48 0
-75 80 1
14 -91 1
76 15 0
67 -66 0
-25 60 1
-18 -52 1
-75 56 0
-83 -15 0
70 -69 1
-84 -34 0
-14 -34 0
91 78 0
52 93 1
41 -58 1
94 -43 1
-39 42 0
-42 1 0
-16 46 1
57 42 0
31 -10 1
-92 15 1
14 -78 1
51 66 0
-72 47 1
0 -19 0
-4 72 0
55 -1 1
-9 -21 1
-85 39 1
49 -97 0
21 -5 0
-90 -89 1
-61 17 1
31 -81 1
-16 69 1
71 -37 0
-54 -90 0
-40 91 1
11 71 1
87 -15 1
-48 57 1
-56 -72 1
-8 71 0
81 63 0
88 -1 1
77 23 0
-18 38 0
55 64 0
-75 -85 0
-63 -18 0
-41 -5 1
-41 24 0
77 69 0
-89 -19 0
-38 -83 1
79 -22 0
-86 -24 0
-35 -23 0
-27 54 0
32 -2 1
-30 -51 0
-71 -91 1
-40 -96 1
21 -42 0
-51 -26 1
60 40 1
94 37 0
-46 68 0
-70 50 0
6 -40 1
61 -87 0
94 -35 0
53 89 1
97 -67 0
-85 -97 0
-52 -8 1
21 -22 0
-79 -49 1
61 59 1
-73 19 0
20 61 0
55 52 0
-64 77 1
97 -98 0
-27 7 1
-34 75 1
-80 -49 0
-74 78 1
-46 18 1
-61 -26 0
61 -5 1
-93 -14 1
-59 30 1
0 -88 0
-52 -91 1
67 91 1
-3 -31 1
-10 -11 0
99 -38 1
-38 -87 1
-33 2 1
12 73 0
14 30 1
-42 62 1
29 -35 0
-38 1 0
40 47 0
57 99 1
-69 21 1
97 -25 1
71 -69 0
49 36 1
-42 -58 1
82 27 1
87 63 0
-26 62 1
-32 -74 0
-10 22 1
-93 -18 0
26 -97 0
-45 44 1
60 35 1
85 45 0
-30 44 1
-79 -57 1
12 -48 0
70 4 0
-61 -33 0
77 5 0
13 -9 1
-89 -36 1
-78 -83 0
-43 22 0
-95 -55 0
-100 19 0
-15 61 0
80 20 1
46 52 0
43 -38 0
-57 -48 0
-43 31 0
-38 -80 1
34 -75 1
-40 84 1
0 85 0
78 -32 1
-82 13 0
95 86 0
68 31 1
24 30 0
9 11 1
6 73 1
83 16 1
-3 16 0
21 95 0
-56 11 0
62 49 1
-84 54 1
98 -55 0
20 77 0
-80 -68 1
64 -56 1
18 31 0
10 31 1
22 88 0
25 69 0
47 57 0
-74 -9 1
-45 39 0
-29 89 0
-5 -25 1
-89 72 0
54 40 1
90 18 0
77 83 1
55 -29 1
-45 46 1
21 29 1
-84 40 0
-71 -99 1
-68 65 0
-88 85 1
-2 -12 0
-41 24 0
58 -89 1
-65 70 0
40 -89 1
-93 84 1
-40 39 1
-97 40 0
-100 58 1
-60 -49 1
4 2 0
-29 63 1
-87 5 0
-17 -49 1
-53 89 1
-64 -52 0
73 88 1
23 -74 0
-63 -7 0
87 16 1
-45 88 0
26 -88 0
45 -5 0
73 88 1
21 14 0
19 -30 0
-34 -17 0
17 65 1
-32 -65 0
-91 -26 1
62 71 1
-71 -1 1
-69 43 1
60 55 1
-56 -82 0
-23 56 0
92 -83 1
-81 -15 0
44 -89 0
-38 -70 0
47 44 0
17 -20 0
-40 93 0
92 44 0
82 17 0
-33 -82 0
-48 29 0
16 73 1
91 28 1
-28 -19 1
62 -99 0
50 26 1
-23 -47 0
-70 86 0
-21 -44 1
-90 -62 1
-24 -96 0
-11 -28 0
-62 88 0
77 20 0
-47 -45 0
53 -77 1
-3 14 1
-43 -58 1
-29 72 0
-62 -89 0
-56 67 1
-52 -95 1
-66 20 1
8 -3 0
-7 -8 0
-80 -67 0
0 -42 0
23 -19 0
-58 99 0
-88 68 1
-12 61 1
52 -75 0
-100 41 1
63 -77 1
-94 -47 0
-55 -80 0
-90 -21 0
48 11 1
-88 -85 1
38 -76 0
-39 -97 0
35 -15 0
-53 92 1
-21 -76 1
100 -40 0
-65 -70 1
-56 22 0
-70 -93 1
-78 -10 1
-93 -95 0
-21 -56 0
-100 -31 1
2 -26 1
-16 57 0
-92 -24 1
-32 -67 1
-68 -74 1
15 52 1
-99 40 1
3 27 1
66 -66 0
18 33 0
-84 -7 1
96 98 1
97 -31 1
86 -18 1
27 -82 1
-24 -60 0
-2 76 1
-22 -42 1
1 -27 1
-77 -65 0
-60 -51 1
93 17 1
30 -100 0
67 25 1
39 28 1
57 -77 1
4 -66 1
91 24 1
70 4 0
-90 64 0
93 93 1
-83 55 1
18 -92 0
-50 51 0
-38 35 1
-46 -41 1
28 74 0
92 93 0
3 87 1
72 25 1
-16 -72 1
-72 -96 0
-80 -65 0
-66 -95 1
-96 -15 1
-69 -87 0
38 -60 0
-27 97 1
-13 50 1
55 -65 0
88 -5 0
-65 -57 0
99 -94 0
-52 42 0
22 14 0
2 -98 0
75 -75 1
7 33 1
3 -49 1
45 -81 1
-82 -21 0
-100 -25 0
-44 -83 1
30 40 0
27 -67 0
15 97 0
29 97 0
-96 -21 0
96 -91 1
36 37 0
42 68 0
19 -69 1
94 38 1
81 -36 0
63 98 1
-38 -23 0
-93 -29 1
53 -11 1
31 -1 1
-87 73 1
88 -16 1
24 -78 1
0 -80 0
-11 -74 0
68 -84 1
93 43 0
2 93 1
5 31 1
77 -78 0
80 -28 1
-10 7 0
72 -15 1
-21 -39 1
52 16 0
-90 -6 1
-51 33 0
0 -65 1
90 -79 0
31 -70 1
-87 44 1
-22 39 0
-61 77 1
52 -72 1
90 -51 1
-69 24 1
18 -25 1
-9 -59 0
-55 59 0
-45 -74 0
-88 69 1
-15 62 1
41 12 0
56 -30 0
-60 -25 0
-36 -37 0
-37 5 0
-70 33 1
16 6 1
-37 -51 1
-41 -69 1
62 92 0
87 -42 0
9 -95 1
34 -50 0
20 -87 0
-61 -68 0
-24 59 0
52 -4 1
71 31 1
-25 -67 1
91 -15 0
58 -55 0
-19 -20 1
-95 -11 0
-39 -32 1
4 -80 0
-16 82 0
15 -1 0
-49 -5 1
23 65 1
-74 -24 1
17 2 1
-20 44 1
71 89 0
-18 -62 0
-26 60 0
-9 -1 0
-82 55 1
-5 41 1
48 -100 1
-36 -19 0
25 -25 0
-20 -70 1
-41 98 0
-89 -94 1
-62 100 0
39 -93 0
-34 79 1
77 25 0
-16 -70 1
100 -56 0
19 40 0
-72 -32 1
-36 27 0
43 -36 1
72 -54 1
-8 72 0
-43 -74 0
85 20 0
58 -15 0
-14 71 0
97 43 0
-51 -38 0
62 33 0
-19 48 1
-17 -74 1
-92 18 0
23 20 1
100 -35 0
70 74 1
36 27 0
-74 100 0
-14 -51 1
19 -31 1
-61 -46 1
-56 -17 0
-79 -41 0
-16 40 0
95 -41 0
-50 -3 0
36 -34 1
74 76 0
99 16 0
68 34 0
47 67 0
51 -39 0
-46 -52 1
-13 -84 1
56 77 0
5 -96 0
-2 62 0
65 -14 0
-79 40 0
36 -17 1
-3 39 1
-14 10 0
56 -70 1
25 -7 1
14 -33 0
100 10 0
97 88 0
16 23 0
57 14 0
9 -32 1
82 -13 0
38 -40 0
-28 -91 1
11 -82 0
76 70 0
-77 -49 0
76 -25 0
-63 25 0
-47 -68 1
91 -77 0
29 20 1
95 15 0
-44 -79 0
81 -17 0
-68 6 0
20 63 0
-40 1 1
78 27 0
43 49 0
48 -60 0
-12 38 0
93 26 1
82 94 0
-67 -45 0
-48 -73 0
-77 -7 1
25 -37 1
-60 65 1
-22 47 1
-92 -8 0
-96 -69 1
72 68 0
6 -14 1
44 54 1
79 -64 0
42 88 1
1 -100 0
86 -74 1
-86 4 0
-27 93 0
36 -57 0
98 4 0
-17 -58 1
-13 -33 1
-53 54 1
4 57 0
62 -68 0
-45 -67 1
5 28 0
-33 -92 0
80 48 1
-36 81 1
5 85 0
73 44 1
62 -82 1
71 -93 1
-67 32 0
59 90 1
14 -7 0
-17 -79 1
-63 -9 0
77 33 1
81 30 0
-81 -59 1
15 15 1
69 -23 0
-13 17 1
45 -28 0
-97 14 0
-32 29 1
0 -12 0
-54 -77 0
-19 -29 1
13 98 0
1 -25 1
-39 -32 0
-87 55 1
-68 87 0
52 34 1
4 83 1
-3 -93 1
-63 14 0
-91 -59 0
74 -60 1
-11 49 0
-44 63 0
40 27 0
-16 89 0
-68 15 1
89 71 1
-2 75 0
5 3 1
-37 -53 1
22 -83 1
-88 77 0
-43 -64 0
44 -90 1
10 -74 1
-36 -66 0
-60 -56 1
4 8 0
26 47 0
-50 20 0
-59 36 0
-19 -21 1
32 20 0
75 -55 0
-55 -5 1
-69 -28 1
-54 -53 0
67 -56 0
-19 50 0
14 -38 0
-79 49 1
82 30 1
-39 -65 1
-58 85 0
91 51 1
-37 56 1
80 -100 0
-5 15 1
-54 -16 1
-70 34 1
97 28 0
37 -5 0
4 -20 0
-3 -29 1
26 -7 0
-67 77 1
30 -78 1
39 -89 1
-21 82 1
97 -25 1
98 -76 1
33 75 0
83 -54 1
-77 90 0
14 37 0
-68 94 1
-21 -89 1
88 -65 1
96 24 0
-91 6 0
-62 -31 1
43 75 0
-72 -41 1
85 34 1
-75 -13 1
65 1 1
-9 -78 0
25 -38 0
-21 -31 0
49 -62 1
21 -84 1
-84 -84 1
56 16 1
-67 -97 1
60 94 0
-55 -89 0
-27 45 0
12 91 1
-23 36 0
-34 -35 1
-90 -61 0
-13 59 1
-14 -62 0
-35 83 0
89 -46 1
-17 -16 0
81 53 0
42 75 0
39 88 1
52 -67 0
1 60 0
25 96 1
-67 -29 0
-34 -92 0
27 -58 1
-49 92 1
-14 -94 1
-42 94 1
-55 -74 0
53 12 1
-79 85 1
-82 59 0
-30 -9 1
0 6 1
17 77 1
16 96 1
-6 69 1
40 30 0
76 15 1
-96 87 0
-53 -14 1
56 -49 1
25 -22 1
65 82 0
61 -83 0
94 62 0
-79 -37 1
32 -70 1
40 19 0
32 -28 1
-3 -34 0
91 31 0
46 -47 1
-94 -9 0
49 -20 0
-56 87 0
-54 35 0
64 -39 1
88 -10 1
8 -91 0
9 63 0
-72 2 0
-31 48 1
-76 23 0
-59 -15 1
-33 -28 0
16 3 1
56 71 0
-21 74 0
-18 -30 0
16 25 0
-73 -17 0
-85 -71 1
-42 -65 0
-83 -57 0
-82 -68 1
58 37 0
31 -30 0
-58 69 0
39 -52 0
-47 -70 0
49 75 1
68 -95 1
54 -43 1
-11 -70 1
88 4 0
-14 -91 1
53 8 0
-90 -84 0
-58 14 0
83 43 0
-5 71 1
0 79 0
-30 34 1
7 55 1
82 40 1
-85 -90 1
-45 -67 1
20 98 1
4 -15 0
-49 3 1
-62 100 0
-86 -11 1
91 58 1
-73 66 0
72 -1 1
-99 91 0
-75 -36 0
84 6 0
9 80 1
-54 -48 1
59 43 0
-48 27 0
12 -94 1
-34 -57 1
6 -92 0
-48 -41 0
-48 -44 1
56 72 0
38 32 0
-15 -94 0
53 52 1
-44 -53 0
-100 75 1
-80 55 1
-60 -53 0
-82 77 1
91 88 1
-22 35 1
36 5 0
-88 -51 0
5 80 0
16 -95 0
-95 96 0
82 17 0
-94 -45 1
94 45 0
-79 51 0
18 -56 0
56 12 0
21 86 1
-86 -36 0
-58 -98 1
46 -20 1
46 -12 1
-42 -6 0
-66 18 1
-9 -43 1
33 -31 0
-80 -12 0
2 -30 0
-37 95 0
-78 -20 1
8 87 0
-5 100 1
87 69 0
-79 19 1
56 75 0
34 -95 0
-41 -77 1
59 51 0
37 -62 0
90 43 1
16 56 0
66 -24 1
-75 -36 1
81 6 0
-35 99 1
-10 -48 1
-1 8 1
19 -54 1
80 -43 1
-89 74 0
89 -56 0
-52 -13 0
55 82 1
-94 -63 1
86 97 0
-65 -40 0
43 40 1
92 19 1
62 -44 0
-21 -92 0
-32 99 0
-61 -52 0
-46 -56 0
17 -33 0
-76 97 0
-59 -46 0
-37 100 0
85 -98 0
-24 67 0
-32 -82 0
-88 85 0
71 -47 1
-41 80 1
-69 -59 0
93 23 0
71 52 1
-40 68 0
73 -77 1
-75 14 1
-17 12 0
-45 -29 1
-32 -84 0
92 42 1
16 77 1
18 66 0
69 55 1
-69 -22 1
45 92 0
-2 -44 0
-38 -87 1
79 52 1
-38 -24 1
93 -90 0
-92 62 0
-9 80 1
-49 -72 1
-36 49 0
72 -34 1
-37 -8 1
21 38 0
-65 -5 0
-21 24 0
-17 39 0
95 -47 1
-30 -2 0
36 89 1
-64 -87 0
31 40 0
82 17 0
59 -58 1
73 34 1
96 -27 1
39 86 1
-26 -98 0
-45 -5 1
7 30 0
-22 -3 1
-50 -56 0
-31 34 1
62 34 0
91 -12 0
39 5 0
-72 -31 0
-62 51 1
69 -29 0
-8 19 1
-40 -34 0
59 47 1
-35 85 0
-19 -77 0
-12 59 1
20 67 1
-87 -27 1
38 -4 1
89 -10 0
-84 2 0
-18 -88 0
-34 35 0
32 -9 1
-31 64 0
11 74 1
-68 20 0
-50 47 1
74 -68 1
77 -3 1
81 66 0
-70 69 1
-1 -90 0
59 -86 0
27 65 1
29 72 0
-100 92 0
-68 69 0
91 -16 0
9 -80 1
-72 22 1
-71 84 0
3 -27 0
44 87 0
-99 89 1
68 52 0
-99 28 0
24 -73 0
75 -53 1
88 19 1
-45 -74 0
30 -44 1
15 -40 1
-97 6 1
74 -57 0
0 -62 0
-98 -11 0
-78 -70 1
-54 31 0
10 44 0
-57 98 0
13 83 1
12 -13 1
-78 49 0
-98 -35 1
81 26 1
44 -86 1
77 -80 0
-7 81 0
-55 21 0
65 95 0
-31 44 1
-41 -43 1
-13 34 0
39 99 1
-24 -48 1
-26 97 1
7 50 0
47 30 1
-94 -68 1
-12 21 1
-75 -68 0
15 -76 0
-55 -21 0
-16 -18 0
46 -82 1
71 -71 1
-93 -51 0
77 85 1
76 45 1
28 75 0
65 45 1
60 -26 1
-15 -31 0
49 -19 1
93 34 1
28 34 0
-40 -84 1
25 46 0
18 18 0
-99 89 1
-60 -87 0
59 -93 0
83 -1 1
76 -76 1
65 -45 1
58 35 0
20 89 0
80 25 1
-77 45 1
-15 22 0
97 -65 1
-3 28 1
-8 73 1
-26 -29 1
-84 -86 0
-70 -87 0
-77 -32 0
61 47 1
51 -71 1
-54 24 1
36 43 1
-28 -95 0
47 87 0
80 -41 0
-86 -25 0
59 -85 0
23 41 1
-82 -44 0
-86 -71 1
46 38 1
-85 44 1
86 -89 0
-88 -96 1
-57 -41 1
81 -43 1
-48 -16 0
68 -26 0
78 52 1
1 35 1
-49 -84 0
-57 88 0
54 37 1
-87 -84 0
-53 -91 0
-57 -27 1
38 62 0
-27 33 1
96 92 1
30 -57 1
97 83 0
-11 -75 1
-10 60 1
65 -67 1
38 -74 0
50 22 1
-2 -74 0
-66 66 1
60 -4 0
-50 11 0
-68 -35 1
38 -20 1
69 -67 1
-39 69 0
-55 42 1
63 9 1
-26 -92 0
-56 11 0
77 -5 1
-7 -36 1
3 73 0
73 -35 1
30 -99 0
-22 81 0
-29 60 0
-87 -25 1
-96 -13 0
-70 -67 0
-95 61 1
83 31 1
20 -49 1
61 85 1
10 -9 0
-89 76 1
-95 40 1
-97 78 0
-44 -28 0
100 -72 1
-85 73 0
-46 96 0
51 -29 1
-36 -3 0
41 77 0
-65 -48 1
-95 0 0
99 3 1
-11 49 1
-18 -87 0
-48 -23 1
81 -31 1
-53 -4 1
-60 -22 0
0 53 1
-66 55 1
82 8 0
-56 8 0
17 4 1
-99 -78 1
-45 -17 0
-3 15 0
-70 64 1
-42 17 0
-24 18 1
-98 -79 1
-10 42 1
63 61 0
4 15 0
-8 5 1
-77 -79 1
-20 88 0
55 63 0
86 -30 0
-4 -56 1
-21 -25 0
46 -79 1
92 97 0
59 -44 1
17 -39 1
43 19 0
52 -31 1
66 -90 0
-48 -33 0
97 39 1
100 38 0
95 -4 0
45 -94 1
-15 -38 1
-46 -88 1
30 -55 0
-78 93 0
3 13 1
78 65 0
-63 7 0
63 -77 0
-52 -88 0
34 46 1
9 77 1
-77 65 0
27 18 0
80 32 0
9 -88 1
-2 20 0
-36 74 1
34 70 1
22 -49 0
-35 42 1
-46 -97 1
97 38 0
81 -25 0
-58 92 0
54 -91 1
54 8 0
65 21 0
68 48 1
64 -48 1
-45 -63 1
-7 -40 1
-16 -67 0
-51 -17 0
-90 -90 1
38 96 0
67 -60 1
-31 -11 1
6 86 0
23 82 1
-6 -97 1
52 -47 0
-68 -91 0
1 56 0
19 1 0
-84 90 0
-13 24 1
-51 -92 1
25 50 1
-100 -39 1
-98 55 1
41 -34 0
-62 1 1
2 35 0
23 -30 1
5 54 1
55 -49 1
91 -17 0
-46 -85 0
60 -58 1
-30 -23 0
14 -32 1
83 24 1
67 32 1
89 -14 1
92 -28 0
96 -5 0
21 6 0
70 39 1
-5 7 1
-89 51 0
-52 -83 0
96 -82 1
-97 -56 1
69 43 0
70 -93 0
-88 90 1
52 46 1
36 26 1
-48 -74 1
66 -75 0
42 88 1
-27 36 0
-81 -69 1
-46 -3 0
34 -94 1
50 45 1
-73 46 0
61 -89 1
-62 -1 0
-77 57 1
-48 68 0
51 47 1
-78 -92 1
-51 32 0
-43 -51 0
41 -85 0
46 -66 0
13 11 0
-62 -26 0
-95 78 0
43 -28 1
11 -95 1
-55 -19 0
61 -35 0
57 -11 0
97 38 1
78 78 0
27 79 1
21 -90 1
48 49 0
90 30 0
71 14 1
91 -99 1
-63 5 0
89 -94 0
-94 73 1
-72 -84 1
39 -4 1
12 44 1
29 -28 0
94 10 0
-84 66 1
-17 -70 1
-50 61 0
-12 -6 0
-77 49 1
-34 96 0
58 -5 0
-20 -29 1
-65 83 0
-92 45 1
0 71 1
98 -32 0
18 -39 1
-85 -12 1
-79 35 0
-39 82 1
80 -37 0
79 -17 0
16 37 1
33 -100 1
-63 70 0
-93 -89 0
-70 97 1
68 -56 0
76 21 1
-34 -94 1
-57 -2 0
-27 54 1
-53 -85 0
-99 -5 1
-34 -48 1
-16 -54 1
92 31 1
-16 -1 1
-60 -57 1
39 26 0
64 -51 1
77 91 1
-93 -76 0
-34 71 0
-56 5 0
21 1 1
13 -60 1
-55 77 0
-63 -97 1
26 -93 0
55 -35 1
8 -87 1
70 -43 1
69 -40 0
-21 -60 0
-86 23 1
-96 40 1
10 -77 1
86 -11 1
-99 63 1
58 1 1
-77 89 0
44 64 1
70 100 0
37 73 0
86 72 0
12 81 0
-51 57 0
-10 -66 1
-48 93 0
-53 -69 0
-98 23 1
-79 -43 0
-67 7 1
96 18 0
-2 -82 1
-94 38 1
-54 -22 0
53 -64 0
11 -16 0
68 -28 1
-82 -63 1
-20 -5 1
95 68 0
-99 9 0
39 -99 0
61 96 0
-87 73 0
50 75 0
85 59 1
-84 -97 0
47 -22 1
-46 -54 1
-92 -37 1
48 70 0
-52 24 0
50 100 1
-50 -96 1
67 12 0
50 61 1
-48 0 0
42 -22 0
-64 -3 1
38 -29 1
-57 76 0
51 -50 0
86 4 1
-4 96 1
87 -99 0
-96 42 0
77 25 0
-74 -40 1
10 -6 1
-99 -73 1
-40 -17 0
41 19 0
15 2 0
-74 46 0
48 -78 0
93 53 0
-29 57 0
77 -60 0
-51 84 0
85 -83 1
21 -81 0
29 -36 0
30 -56 0
-47 0 0
26 2 1
-69 -39 1
-40 19 0
64 -8 1
-86 -62 0
-7 -37 1
-81 6 1
-80 65 1
67 74 1
9 83 0
65 30 1
-18 73 1
-59 6 0
100 20 1
79 89 0
-56 62 0
44 -46 0
-55 -34 0
0 17 1
-15 -60 0
43 71 1
49 -32 0
-22 -42 1
-63 -50 0
-58 48 1
6 60 1
48 -8 1
-98 5 0
-87 55 1
-24 88 1
99 -62 0
44 -11 0
-100 -55 0
-65 -42 0
79 -11 0
88 -40 0
3 -77 1
-100 93 0
-48 -34 1
39 93 1
-79 98 0
68 1 0
-23 77 1
-80 11 0
-75 8 1
98 59 1
98 -69 1
-58 -42 0
-42 10 0
100 -8 0
61 -12 1
-20 98 1
16 19 1
96 -12 0
-79 61 1
-55 -56 1
-43 69 1
-44 -75 0
29 -98 1
-91 52 1
84 -54 0
-7 66 0
24 5 0
10 -58 1
-91 76 1
-52 47 0
-61 33 1
-62 -18 1
-55 -1 0
33 -41 1
-75 -3 0
-89 32 0
43 49 0
-58 -56 1
-92 -81 0
74 -21 1
79 46 1
28 78 1
14 79 0
12 -100 0
21 82 1
70 -16 1
28 22 0
5 49 1
-60 -68 1
-88 -23 1
-1 7 1
50 10 0
78 -94 0
88 -91 0
53 -79 0
42 -34 0
-28 70 0
-92 -30 0
5 26 1
44 14 1
-39 -95 1
13 33 1
11 76 0
-55 -40 0
47 73 1
26 -92 1
-11 -76 0
68 58 0
47 5 1
23 10 1
79 -23 0
34 -73 1
45 -78 0
7 -81 1
-38 -33 0
59 -76 1
8 72 0
46 -34 1
-52 48 1
-48 41 0
35 -47 1
-76 -59 1
-21 98 1
-21 -76 0
81 -71 1
22 18 1
7 -39 0
-56 -58 0
9 -43 1
-100 29 1
100 12 0
-24 -54 1
85 -99 0
49 -44 1
-94 66 1
-27 93 0
20 -69 0
94 12 0
-78 -85 0
50 -65 0
51 14 1
-35 -86 1
73 73 0
-92 98 1
52 -89 0
-100 -31 0
-90 -39 1
17 87 1
-20 32 1
69 -4 1
1 30 1
35 23 1
-99 98 0
-80 32 0
61 -60 0
-100 44 0
23 60 0
51 -95 0
-50 -42 0
-14 84 0
34 20 1
-59 -3 1
-11 70 1
35 77 0
-16 -76 0
35 -87 1
-14 -33 1
-21 75 0
-30 21 0
-3 -95 1
-44 34 0
35 23 1
57 81 0
-96 43 1
-4 48 0
-78 35 0
-72 -44 1
-52 -28 1
71 -67 1
30 8 1
96 3 0
69 -7 0
-88 -62 0
-16 37 0
-54 46 0
61 -50 1
-100 75 1
-15 -72 1
57 -1 1
-64 64 1
61 66 1
53 -31 1
60 -63 1
-55 -8 0
22 43 1
82 -65 0
61 -23 0
31 25 1
-66 -36 1
71 93 0
-2 53 0
97 -54 0
-40 80 0
8 82 0
-25 -4 1
33 7 1
-86 -36 1
29 -23 1
94 61 1
-34 6 0
-94 86 1
70 -78 0
0 -23 0
32 -90 0
-50 -40 1
48 13 0
-38 -49 1
78 -63 1
-10 -58 0
29 -73 1
42 21 1
-95 39 0
73 53 0
-52 86 0
-94 41 1
10 58 0
-25 89 0
-5 51 0
20 52 1
-39 81 1
7 59 1
44 23 1
-18 23 1
92 54 1
59 -41 0
-30 53 0
-4 -90 0
14 73 1
27 -91 0
82 50 0
-34 -92 0
-69 97 1
-85 -69 0
-83 52 1
43 -77 0
9 -59 0
-64 -79 0
3 -17 0
-72 41 0
59 -29 1
72 -72 0
54 -9 1
-91 -53 1
66 9 0
57 -82 1
-8 5 0
-13 -42 1
0 -3 1
66 80 1
65 -64 0
46 100 0
6 87 0
-19 75 1
32 44 1
14 -16 1
68 86 1
2 -100 1
-48 81 0
11 -57 1
-24 -60 0
83 -17 1
73 77 0
-54 50 0
-5 2 1
45 -98 0
-26 8 1
60 -14 0
-68 -72 0
24 39 0
-75 61 1
31 -6 1
78 -16 0
-77 -93 1
89 60 0
-98 -8 1
-21 5 1
40 71 1
37 0 0
-96 -38 1
-51 -56 1
-29 11 1
10 -97 1
22 38 1
35 -87 0
-10 47 0
85 18 1
-30 61 0
72 42 1
5 59 1
-11 -98 1
-3 -15 1
-67 -34 0
-32 -92 1
96 -31 0
38 92 0
73 47 1
93 -39 0
72 2 1
-17 66 0
-9 -42 0
-87 -28 0
33 62 0
50 -25 0
-37 49 0
-32 96 0
-14 54 1
-52 -72 1
80 96 0
-17 -69 0
37 35 0
56 6 0
61 -19 0
0 -2 0
-47 62 1
-67 -35 0
-22 71 0
-89 46 1
-37 -89 1
-75 42 0
-71 58 1
-95 98 0
-47 45 1
42 89 1
-51 -59 0
-77 16 1
-22 -59 1
34 -70 1
47 70 1
82 -32 1
44 39 0
38 38 0
49 -36 0
49 -14 0
45 98 1
-57 7 0
-74 -17 1
82 17 0
20 -90 1
68 99 0
78 -3 1
-16 -39 0
71 -42 1
32 -93 1
-96 -69 1
-95 65 1
59 -90 1
47 -66 1
26 100 1
-46 -67 1
-45 -20 0
-64 -8 1
21 31 0
-3 5 1
-86 31 1
-90 88 1
-37 -100 1
-75 65 1
57 96 0
-73 -92 0
-26 86 0
93 -75 1
-42 -91 0
-61 -55 0
40 -92 0
26 -37 1
2 -31 1
78 -6 0
-71 -60 0
-21 -80 1
77 -57 1
-14 6 0
-52 67 1
-98 15 1
-55 -68 0
25 -44 0
14 -25 0
90 -29 1
87 -58 0
-70 -28 0
50 5 1
80 18 1
60 -34 1
73 41 1
-92 -13 0
20 81 1
-17 -20 1
69 -32 1
-16 -80 1
93 36 0
-15 31 1
100 58 1
81 22 0
47 -66 0
89 10 0
-93 7 0
-37 18 1
-29 17 0
77 -27 0
14 93 1
-87 27 1
12 -29 0
68 72 0
-90 -60 1
-68 -91 0
-74 -13 0
-30 -11 0
7 -87 1
100 22 0
-4 -23 0
33 47 1
47 83 1
-17 17 1
2 6 1
7 -82 1
-20 -11 0
-87 -100 1
-49 -42 0
71 -1 1
73 98 1
93 -69 0
98 -79 1
-52 38 1
-76 61 0
-42 -26 1
-92 25 1
-69 -79 0
43 -4 0
95 -55 1
-36 65 1
-57 94 1
93 -57 1
-6 90 1
-18 44 0
-78 2 0
-52 -55 1
-65 -30 0
-3 -22 1
-19 77 0
-44 -6 0
40 -73 0
-94 81 0
95 -99 1
-58 24 0
24 25 1
-37 38 1
29 -28 1
-91 100 0
-74 98 1
10 -32 1
-86 -2 0
-24 16 1
31 -97 0
-61 -67 0
38 100 0
-30 85 0
-40 -30 1
90 -51 0
9 26 1
-47 65 1
-39 -2 1
24 56 0
0 21 0
63 43 0
49 -83 1
-69 -51 1
-15 32 0
93 34 1
-52 -61 1
-7 -90 0
-65 20 1
34 -98 0
81 95 0
-40 -23 0
-95 -21 0
73 -63 0
56 -53 0
-49 64 0
94 -44 1
98 -87 1
14 31 0
66 -15 1
69 71 1
-77 16 1
11 37 1
-17 -94 0
67 95 1
12 -43 0
24 -17 0
40 -34 1
53 85 1
-73 -69 0
-26 -78 0
-82 -55 0
-26 -68 0
65 -38 0
-82 48 0
-45 3 0
18 59 0
44 -4 0
12 -53 1
-62 -75 0
-89 -54 0
8 1 0
31 69 0
-81 99 1
-93 -50 1
-25 -81 0
12 -41 0
-92 55 1
72 -8 0
-25 36 0
9 -88 0
26 -23 0
-85 -92 0
-41 -31 1
-75 0 1
-85 93 0
-31 -4 0
-9 -29 1
46 -72 0
56 66 0
21 73 1
-51 82 0
13 -84 0
-50 -82 0
99 89 0
18 -57 1
21 -45 1
-19 44 0
9 -34 0
-22 -9 0
49 -28 1
4 -15 0
95 79 0
24 -85 0
77 -64 1
17 -12 0
-33 79 0
83 42 0
-94 75 1
-82 0 0
-33 -97 0
-24 -57 0
-97 96 1
48 45 0
42 3 1
11 -84 1
-84 89 0
-17 -46 0
1 73 0
71 -100 1
95 70 1
78 -51 0
78 -55 0
-90 -23 1
24 2 1
-25 -21 1
-72 68 1
61 93 0
-58 66 0
-10 33 1
-39 47 1
-14 -68 1
43 43 1
-96 65 0
1 -76 0
35 -51 0
-32 -62 0
99 -95 0
-38 23 0
-77 -46 0
18 -53 1
-9 -92 0
90 -2 1
-78 -31 0
79 66 1
-71 9 0
56 25 1
-94 66 1
17 42 1
-34 -10 0
-76 81 0
-12 -29 0
2 9 1
92 35 1
27 56 0
-22 42 0
10 70 1
-16 -65 0
-58 -85 0
-99 -12 1
36 -56 0
-8 48 1
92 -33 0
39 -81 1
52 15 0
98 -36 1
54 97 0
-15 71 0
30 42 1
85 37 1
-3 26 1
-72 55 1
92 77 0
-93 12 0
81 81 0
26 -64 0
58 66 0
-91 5 1
-2 54 0
-36 -7 1
-96 49 0
0 100 1
38 73 1
89 94 0
-28 -100 1
-80 72 0
67 -45 0
30 61 1
59 39 0
-80 29 1
-71 -4 1
57 80 0
19 98 1
56 78 1
41 4 1
0 8 1
-7 1 0
-27 -94 0
13 86 1
4 -74 1
-57 -24 1
-89 81 1
-5 -66 0
-1 -77 1
-56 12 0
-27 -47 0
88 49 0
-98 -87 1
-43 75 1
72 92 0
-91 -50 1
5 42 0
-58 -61 1
-53 14 0
-58 -2 0
-100 39 1
-17 30 1
39 -84 0
34 -26 0
21 7 0
-77 76 1
61 -79 0
12 -54 1
36 76 1
-12 -16 0
92 48 0
69 22 0
35 33 1
72 -50 0
87 -85 1
-68 93 0
27 10 1
-27 -1 0
-20 54 1
87 -14 0
-39 -87 0
57 -60 1
41 -6 1
-20 -97 0
-58 64 1
46 21 0
-47 35 0
69 -20 1
-65 -71 1
-42 -12 0
28 78 1
-33 100 1
-48 48 1
-28 32 1
-43 -61 0
-26 49 1
7 7 0
17 -14 1
40 76 0
9 -95 1
-72 -36 1
-3 -5 1
44 -20 1
59 68 0
-4 -12 1
-59 68 0
-85 55 0
11 9 0
-27 -94 0
-59 -84 0
-75 98 0
31 13 1
-94 -65 1
-6 89 0
-88 28 1
-42 -82 1
-49 -8 0
-29 -36 1
-82 -67 1
-51 -1 1
-44 -68 0
47 -88 1
8 50 1
-43 -88 1
-40 27 0
53 93 1
36 51 0
-43 -85 1
-51 -38 1
34 33 0
25 -4 0
79 -89 0
37 -4 1
78 73 1
-89 33 1
99 6 1
32 45 0
-73 -19 0
-100 -3 0
-60 9 0
-34 55 1
43 87 1
29 65 0
4 36 0
35 78 0
-31 -61 1
-75 -56 1
-75 85 1
-85 -5 1
-55 -69 0
-16 -6 1
63 49 0
-41 -92 1
-26 75 0
-22 -85 1
75 60 0
44 -38 1
-95 -65 1
82 59 0
63 92 1
81 -66 1
-70 -94 1
-72 -14 0
88 90 1
46 91 1
24 99 1
-71 71 0
-90 72 0
-10 -68 1
39 -17 1
11 24 1
-43 -28 1
-97 -27 0
45 3 1
16 -69 0
8 76 1
39 -14 1
74 11 0
-33 78 0
-88 72 0
21 19 0
-54 67 1
15 -52 1
-64 -20 1
-62 77 1
-24 83 1
-5 72 0
12 68 0
-93 97 1
-24 21 1
-65 97 0
1 88 0
-57 -27 0
-74 -50 0
11 -20 1
25 63 1
33 40 1
3 -95 1
-12 90 0
23 -92 0
4 -38 0
-58 -3 1
-31 56 1
-4 69 0
100 38 0
78 -99 0
52 -6 1
45 -59 1
-96 86 1
77 63 1
76 -39 0
67 41 1
50 96 1
-77 81 1
-87 48 0
-88 18 1
-22 20 0
-51 -15 0
43 -51 0
-40 -50 0
49 -56 0
87 -34 1
92 20 0
90 16 0
-32 74 1
-80 -51 1
73 -70 0
-4 -58 1
76 -100 1
-51 69 0
3 -2 0
-14 -56 0
100 5 1
-36 -8 1
30 22 0
-74 -44 1
50 -92 1
45 -34 0
-54 62 1
-41 45 0
-91 -30 0
-8 -97 0
12 -48 0
47 65 0
-37 -90 0
0 3 1
28 57 0
-48 2 0
54 -95 0
65 72 0
59 -24 1
42 19 1
-32 99 0
13 -78 0
79 5 0
75 -23 0
81 14 1
78 -67 0
53 -1 1
28 -64 0
45 3 0
-34 96 0
-53 18 1
-21 13 1
9 -100 1
-75 -8 1
8 61 1
-84 -7 1
52 93 1
15 -71 0
-42 69 1
-12 -17 1
28 -5 1
-68 -15 1
-98 32 1
48 94 0
-64 29 0
59 35 1
-56 63 0
36 -55 1
33 53 0
-31 82 1
-78 9 0
-97 79 0
-49 2 0
-78 -8 0
77 -64 0
-87 72 0
-98 -58 0
26 -21 1
55 -24 1
64 -51 1
-1 -61 0
-74 50 0
34 97 1
-8 -72 0
-59 60 0
85 45 0
51 -51 0
72 38 0
-23 -13 1
22 51 0
-17 68 0
14 -54 1
-80 88 0
57 4 0
6 1 1
-29 -22 0
-76 85 0
-36 100 0
-97 69 1
-38 73 1
85 -40 0
-36 -8 1
55 -69 0
96 26 0
87 -15 0
-73 10 0
-96 25 0
-19 -7 1
-54 -33 0
69 -8 0
-100 68 1
-37 -28 0
-8 -27 1
64 -71 0
-74 94 1
28 -96 0
14 66 0
-1 60 0
54 69 0
9 22 0
-80 43 1
83 -50 1
-30 19 0
-80 -74 1
-49 -54 1
-4 98 1
-76 62 0
35 54 1
81 -29 0
-70 79 0
-13 -5 1
-51 -8 1
70 91 0
28 35 0
26 38 0
-100 49 1
40 37 0
-78 -32 0
36 6 0
88 13 1
15 -36 1
-28 -59 0
-33 100 1
-93 100 0
82 43 0
-7 94 1
-86 4 0
-86 -44 1
27 67 1
68 -20 1
50 19 0
62 -8 0
-56 -8 0
-32 -10 0
-97 19 1
12 99 0
-28 37 1
60 43 1
7 58 0
-22 -34 0
-54 61 0
-45 -19 1
-94 93 1
34 -94 0
-68 78 1
10 68 0
-68 32 0
-93 33 1
90 18 1
-27 0 1
-35 -87 1
36 23 1
9 -4 0
-20 35 1
-26 -90 0
4 -87 0
-96 -53 1
94 19 0
-48 -79 0
98 73 0
88 -23 0
-22 -7 1
23 35 1
90 75 1
-79 24 0
27 66 0
12 71 0
20 43 0
-72 -4 0
22 76 0
-52 42 0
67 39 1
72 -13 0
3 -24 1
42 -80 0
77 18 1
-81 -84 1
25 9 1
43 59 1
32 -36 0
95 53 1
-96 -32 1
58 -77 0
75 83 0
-70 71 1
-9 -93 0
-6 -34 0
68 90 1
99 -45 1
-92 -50 1
23 61 0
49 57 1
-18 81 0
76 -61 0
-99 -58 1
64 -99 1
-93 2 1
-29 26 0
-27 99 0
84 -73 0
66 24 1
-80 54 1
-14 78 0
74 96 1
-16 56 1
-1 -24 0
-5 -46 0
-53 -88 1
-25 -9 1
53 17 1
-62 60 0
-85 -97 1
-88 -52 0
-85 -99 1
-97 -77 0
48 70 1
58 -23 0
-13 58 0
27 -52 0
32 -1 0
96 16 0
-47 60 0
-44 -24 1
50 97 1
-7 37 1
-20 92 1
-55 15 0
77 -13 0
-39 66 0
78 57 0
-99 -52 0
-29 -87 0
-81 88 0
63 99 1
94 61 0
-100 61 0
12 41 1
53 19 0
22 -6 0
-60 -22 1
-68 25 1
-57 83 1
-24 6 1
97 27 0
1 -38 1
-28 -49 1
-55 -98 1
28 31 1
-22 74 1
12 24 1
29 -47 1
-41 -93 0
-79 -72 0
-83 71 0
36 -90 1
1 -27 0
-91 66 1
-20 -24 0
-24 -74 0
-63 -53 1
-69 4 1
9 91 1
-40 -13 1
61 -48 1
-90 -62 1
35 -34 0
-6 -95 1
-41 -59 0
76 -14 0
23 -98 0
18 -37 1
-39 -6 1
-90 -67 1
27 57 1
28 93 0
60 -17 1
1 33 0
14 27 0
61 -4 1
-85 25 1
-34 90 0
-24 -20 1
91 97 1
24 -29 0
-8 -32 0
45 51 1
-26 54 0
22 66 0
3 -36 0
31 -51 1
-52 -27 1
-19 85 0
55 92 0
-21 9 0
-48 84 1
-39 4 1
-29 77 1
74 54 0
-34 -72 1
-11 40 0
95 4 1
-45 -35 0
-72 88 1
-47 -64 0
-55 -5 0
84 21 0
-69 -81 0
-18 -64 0
-55 -38 0
-53 -20 0
-17 42 1
13 97 0
-11 -91 0
65 -49 1
54 -77 1
-81 49 0
-79 93 1
-35 9 0
-58 93 1
56 -62 1
36 86 1
-51 23 1
-43 78 1
51 5 0
-35 68 0
-24 30 1
-64 48 0
80 -2 1
-87 -20 0
-90 8 0
8 80 1
40 -36 1
-29 72 1
49 90 1
-63 -71 0
60 -30 0
-65 51 0
-26 -93 0
47 -83 0
-21 -69 0
75 22 1
38 -6 0
82 -4 0
55 93 0
-93 0 0
-77 2 0
-98 -15 1
56 75 1
-84 -93 1
65 97 1
-62 45 1
60 -42 0
76 -38 0
37 55 0
53 -34 1
-83 -3 0
-96 -62 0
-43 -87 1
-8 1 1
68 85 0
43 -96 0
-87 -82 1
80 -69 0
85 -5 0
21 40 0
85 100 0
76 -38 1
47 54 1
95 -86 1
34 94 0
-98 -76 0
76 -95 1
10 -44 1
-70 16 0
-30 -61 0
-13 39 0
84 -6 1
78 40 0
-37 55 0
-33 99 1
-26 99 1
-92 12 1
19 40 1
15 85 1
72 96 1
46 -68 1
16 2 0
67 52 1
85 -19 1
52 -28 0
64 -28 1
-30 -12 0
-36 58 1
-48 -81 1
81 57 0
13 -72 0
-76 25 0
2 -34 1
8 -24 1
-99 -53 0
-69 -33 0
50 -10 0
-51 16 1
18 98 0
-25 -22 1
37 -86 0
-94 69 0
-27 -36 1
-29 89 1
-86 27 0
-97 -76 1
-94 47 1
90 14 0
16 -5 0
76 -62 0
-89 65 0
78 -46 1
18 1 1
-15 -51 1
-100 49 0
-74 -67 0
-47 54 0
-67 -77 0
73 32 0
-21 21 0
-64 -19 1
51 64 0
39 36 1
-15 18 0
-88 -1 0
59 84 1
35 -11 0
30 -31 1
86 65 1
-7 63 0
67 33 1
-13 -42 1
-63 -80 0
0 100 1
4 96 0
-99 55 0
88 -44 0
-60 12 1
33 -50 1
50 81 1
89 25 0
46 99 0
-32 46 1
36 -34 1
46 46 0
32 7 0
-50 -35 0
41 18 0
-71 -41 1
23 -68 1
71 -61 0
81 -43 0
66 -76 1
-20 -26 1
85 -99 1
80 72 0
-99 56 1
-12 -90 1
65 -67 1
92 35 0
80 24 1
-18 -29 0
9 -65 1
43 52 0
-17 -3 0
-11 68 1
80 45 0
-74 26 1
-75 67 0
27 -58 0
45 -77 1
35 -12 0
-9 42 0
-83 22 1
19 -32 1
-17 -63 1
97 93 1
-25 -17 0
49 71 0
27 -93 0
9 25 1
-5 -16 1
68 17 1
-56 -21 1
-5 16 1
-6 29 0
0 -15 0
85 -95 0
14 -64 0
-4 12 0
35 -96 0
95 51 0
36 8 1
3 61 1
-59 -75 1
-53 68 0
83 59 1
66 -79 1
25 18 0
-33 -92 0
17 52 0
74 -31 0
-56 -5 1
20 91 0
-40 -92 0
-87 -96 0
-82 -40 1
43 49 1
9 8 0
-25 -91 1
-37 -72 0
91 -40 1
-8 -68 1
-27 -1 0
4 -21 1
-44 -17 1
56 -43 1
-34 83 1
-49 51 1
75 -77 0
77 -18 0
-69 55 1
14 38 1
-92 77 0
18 21 1
96 66 1
94 5 0
-97 97 1
-70 -41 0
66 -56 0
76 25 1
51 -14 1
35 28 0
-86 -42 1
61 56 0
-27 21 1
-3 46 1
100 84 0
-67 -50 0
49 37 0
89 -87 0
-59 27 0
-31 -6 1
21 -6 0
48 -87 1
-100 6 1
31 -85 1
-13 28 1
46 -98 1
-85 14 0
26 -47 0
-78 -25 1
65 84 1
90 19 0
80 53 1
-84 -61 0
-25 94 0
38 -47 1
-3 79 1
89 91 0
-27 94 1
62 -87 0
-95 57 1
-94 92 1
-99 -19 0
-50 -1 1
30 -78 0
56 69 1
72 7 1
-4 0 1
-41 60 1
-90 11 0
-95 -36 1
-81 5 0
75 16 1
-3 93 1
-76 -70 0
-12 -45 1
-86 -77 0
3 -65 1
32 51 1
3 -75 0
18 40 1
70 -5 0
-55 73 1
0 15 0
-72 73 0
-26 29 0
-94 -89 0
-55 87 0
-88 -54 1
97 72 1
39 9 1
-20 -53 0
-22 -96 1
-65 42 0
23 -82 0
-98 -7 0
19 79 1
29 0 1
-79 -100 1
-46 15 0
98 -2 0
45 54 1
-95 -38 0
-89 -62 1
-17 41 0
11 19 0
-83 -97 1
67 -79 0
45 93 1
58 -91 1
-55 32 0
-67 -77 0
63 -46 0
-15 -11 1
39 -78 1
41 61 1
81 0 1
45 -78 1
93 -8 1
89 74 1
19 -97 1
93 -68 0
-77 -10 0
-13 74 1
5 -51 1
46 15 0
70 -98 0
55 68 1
-88 -73 1
33 56 1
67 -28 1
-24 17 0
83 80 1
-51 9 1
4 -48 0
46 -83 0
-58 7 1
23 -7 1
-85 84 0
33 83 1
27 -100 1
-84 -88 0
-10 -65 0
-47 -51 1
-8 38 1
-92 15 0
38 -53 1
44 -96 1
71 -56 1
-20 -59 1
81 -95 1
76 -85 0
8 -73 1
54 35 0
-19 63 0
85 34 1
94 -22 0
47 -34 0
-29 41 1
29 -35 1
-97 -65 1
22 -73 1
-26 11 1
-92 10 1
60 2 1
32 -98 1
-23 32 0
10 70 1
-97 -56 1
8 -89 1
-51 79 1
14 -51 0
92 25 0
16 79 0
43 80 0
55 -55 1
-35 -88 1
82 14 1
4 21 0
68 8 1
57 1 1
-76 -14 0
88 65 0
63 55 0
98 100 0
-59 -2 1
-59 7 1
-70 -99 0
-20 -48 0
22 11 1
-52 75 1
-15 52 1
-81 94 0
-79 -9 0
98 -46 1
42 -94 0
-11 56 0
-17 -89 0
71 -74 1
29 -59 1
-60 -16 0
-76 -65 0
48 34 0
-18 -52 0
82 -69 1
-99 -89 1
46 40 1
-17 97 0
65 -96 0
-65 -9 1
-27 -62 1
21 -51 1
17 68 0
-86 -67 0
-9 -71 1
-56 -65 0
12 -10 1
-90 -68 1
-97 -66 1
17 57 1
23 42 0
-35 40 1
64 2 0
37 98 1
-6 70 1
71 84 0
47 78 1
99 -50 0
59 -64 1
-11 -5 0
12 17 1
72 90 1
44 -63 0
-72 -99 0
-18 41 1
-42 23 0
58 84 0
11 84 0
4 30 1
4 -17 0
88 36 1
99 18 1
-57 57 0
69 21 1
-65 21 0
86 22 0
-57 -11 1
-43 31 0
17 74 1
-80 -8 1
-65 -92 0
85 1 1
-4 7 1
-42 -99 0
69 55 0
25 -89 1
80 22 1
-2 -79 1
9 4 0
65 100 1
69 -73 1
-74 74 1
-25 -78 1
43 90 1
-77 -82 0
-39 -94 1
-88 -80 1
5 33 0
-90 -60 0
70 34 0
-6 -97 0
-52 18 1
-53 16 1
-2 43 0
76 72 0
-6 54 1
33 -55 0
70 51 0
-28 -5 0
89 24 0
76 97 1
-94 25 1
80 -69 1
-82 -38 1
84 1 1
-27 30 0
-26 -86 1
-50 -89 0
59 14 0
7 73 0
-58 97 0
-50 31 1
45 95 1
-31 42 1
23 -89 1
7 -54 0
18 -59 0
-23 -78 1
-47 65 1
24 -36 1
-74 -56 1
97 -27 0
-29 -40 0
-18 24 1
76 45 0
41 74 1
-82 12 1
48 -29 0
-66 -82 0
-20 10 0
-35 -73 1
73 32 1
75 -80 0
14 -75 0
-72 -43 0
-56 76 0
-97 -35 1
83 8 0
59 98 1
-44 -71 1
-84 -3 0
24 -8 1
-41 71 0
29 -62 1
23 -84 0
-13 -42 1
83 89 0
-36 73 1
62 97 1
99 -14 1
-9 -17 1
-35 -85 1
40 -58 0
13 73 1
-56 -51 1
16 52 0
35 28 0
43 -11 1
-27 64 0
-88 33 1
91 -2 0
33 34 1
76 25 0
-28 -27 0
25 98 1
-31 65 0
60 72 0
39 5 0
78 45 1
47 10 0
85 -26 0
-76 21 1
-22 13 0
-52 -17 1
-44 -25 0
1 -63 0
68 57 0
-56 53 0
-61 9 0
53 -98 0
-64 -15 0
63 6 0
91 -57 0
23 -97 1
-20 -28 0
28 90 0
9 58 0
-93 -32 0
91 -47 1
4 -58 1
-87 -47 1
-80 15 1
-25 45 1
-61 38 0
-69 -45 1
13 -2 1
54 58 1
-94 89 1
23 -81 0
-92 -72 1
62 -28 0
-74 -44 0
57 -44 1
75 66 0
62 9 0
85 39 0
-9 2 1
22 60 1
48 -27 0
91 -74 1
62 68 0
-34 95 0
22 89 0
-15 -48 1
79 -44 0
38 70 0
-91 66 1
44 -65 0
-93 -82 1
49 55 1
35 -86 1
-80 -52 0
-14 -51 0
36 5 0
68 -78 0
-100 -93 1
37 38 0
-57 65 1
7 -59 0
-58 -91 0
-84 72 0
-83 -60 0
-85 76 0
67 -44 1
75 100 0
-16 -42 1
-70 15 1
-80 5 0
89 -95 1
83 60 0
67 -92 0
-22 -56 1
-25 -98 1
-70 -80 1
24 -4 0
-7 80 0
-60 -35 1
80 72 1
1 44 0
60 93 0
67 1 1
-8 12 0
-21 81 1
-17 99 1
0 64 1
87 22 0
72 75 0
13 97 0
-52 36 1
73 -44 1
51 -21 1
-14 -99 1
28 52 0
70 59 0
-67 76 0
-87 74 1
87 95 1
-35 -1 1
41 -49 0
-55 6 0
49 -45 0
21 10 0
34 -82 1
46 42 1
79 1 1
-77 69 0
-40 -18 1
-8 89 1
53 74 1
88 76 0
53 -68 1
-39 14 1
-21 32 0
10 -37 0
-57 -68 1
-22 -61 0
-62 52 0
-76 -13 0
-78 -62 0
66 17 0
-99 -43 0
45 77 0
59 90 0
-49 -88 1
7 -65 1
5 17 1
6 87 1
5 -56 1
-73 87 0
73 -69 0
-8 48 0
37 34 0
43 -12 1
-79 93 0
86 36 1
39 -77 0
44 92 1
60 49 0
-16 12 0
83 -31 1
-63 -83 1
17 -12 1
71 -65 1
-59 -76 1
2 -26 1
-55 49 0
90 40 0
78 -98 1
-52 11 0
55 -50 1
-44 -43 0
-61 62 1
-2 46 0
55 43 0
45 92 1
-67 64 0
62 -76 0
19 66 0
71 21 1
-24 -23 1
84 65 1
-86 99 1
80 15 0
78 -60 0
-8 -21 0
-96 20 0
-18 97 1
-24 65 1
7 -62 1
13 -5 1
-48 -52 0
-26 -33 0
100 81 1
84 9 1
98 65 0
74 11 0
-31 27 0
-36 31 0
72 62 0
58 74 1
-46 -6 0
25 86 1
-61 -47 0
11 -4 1
9 -5 1
34 92 1
-74 95 1
34 -67 0
-13 -20 1
43 -19 0
59 -21 0
-51 -57 1
-84 50 0
27 72 0
-60 66 1
-72 61 1
10 37 0
-51 17 1
80 -74 0
-11 -98 1
-31 -35 0
-22 57 0
38 -51 1
-55 8 0
11 91 0
-57 80 1
-23 -88 1
-74 36 0
-29 52 1
-12 79 0
80 -49 1
84 23 0
39 -24 0
31 74 1
47 -47 0
-43 -70 1
-24 -53 0
65 88 0
-62 96 1
-64 -19 0
-69 -5 1
53 58 1
-63 57 1
-58 -7 0
68 -79 1
-91 32 1
-93 95 0
53 -13 0
-39 17 1
67 32 1
-18 -61 0
93 53 0
4 19 0
-93 -6 1
-52 68 0
86 79 0
-90 12 0
96 46 0
-17 79 1
-22 -79 0
-23 -65 1
71 -7 1
10 -47 0
-85 -21 0
57 -100 1
-97 -82 0
78 -27 1
-62 -24 1
6 77 0
-41 -99 0
37 2 1
-72 -79 0
25 19 0
73 97 1
77 -53 0
73 31 0
29 -6 0
-11 -7 1
51 99 1
-91 -22 0
95 -64 0
-95 -72 1
89 -43 1
2 96 0
64 16 0
-99 -6 1
100 47 1
80 33 0
2 65 0
87 82 0
3 -50 1
-25 -27 1
25 25 0
29 -12 0
96 24 0
-99 31 0
41 34 1
-76 -51 0
55 24 1
9 -10 1
82 11 1
91 29 0
-92 2 0
82 -46 0
-48 29 0
-34 33 1
87 -68 0
-57 -53 0
-23 28 1
43 -25 0
-54 -25 1
-49 -23 1
8 -69 1
-28 94 0
31 -18 0
-88 -27 1
-53 94 1
-11 62 1
25 -77 0
-3 -7 1
71 6 0
96 64 0
-61 -93 0
-20 47 1
19 94 1
-3 -99 1
71 -14 1
-12 -40 0
-29 1 0
16 4 0
15 -91 0
-75 1 0
38 18 1
-31 -17 0
-61 -25 0
63 -66 1
-23 -37 1
43 -95 0
-25 89 0
55 -16 0
-56 23 1
-10 23 0
-99 97 1
10 -22 1
92 95 0
16 16 0
57 14 1
-66 6 0
-58 45 0
-44 22 0
-21 27 1
-97 -40 1
52 -64 0
-41 10 1
-75 -80 0
-68 -13 0
-75 -31 1
75 -14 1
-3 -24 1
-80 -4 0
27 -46 0
-60 47 1
10 31 0
-66 19 0
-1 5 0
49 95 1
49 -95 0
-54 -8 1
-66 85 1
52 91 1
-19 91 1
3 -43 0
39 32 0
99 -5 1
-69 -55 0
-67 60 0
84 60 1
17 -72 0
33 56 1
55 82 0
-1 99 0
-71 -85 0
-57 -15 0
60 -3 0
63 100 0
-48 45 1
-99 -38 0
85 -10 0
-10 -78 0
100 -95 1
50 18 1
31 44 1
-74 16 1
-88 -49 1
-83 -23 1
-28 3 0
-60 -67 0
-79 -81 0
70 61 0
-21 -73 0
11 22 0
-9 66 1
-47 1 0
75 67 1
41 -52 1
-32 -26 0
-31 97 1
-47 -44 0
100 7 0
8 -33 0
33 90 1
-40 56 1
-68 -62 1
-28 1 1
0 -78 0
-74 33 1
-13 87 0
-10 4 0
31 -6 0
-38 28 0
-76 64 1
50 -44 1
-72 23 1
48 78 0
-30 21 1
-13 -76 1
32 -68 0
76 -99 0
-79 1 0
-74 24 1
-47 13 1
21 2 1
-16 -64 0
-100 40 0
-27 82 0
49 60 1
-15 98 1
-40 57 0
79 6 1
86 82 0
28 61 0
72 -9 1
-29 100 0
26 -54 1
26 86 0
-99 -43 1
-36 39 1
-60 67 0
78 35 1
31 55 1
-99 -28 1
-7 42 0
100 -41 1
44 45 0
49 16 0
87 -54 1
32 -28 0
55 81 1
62 79 1
-30 25 0
58 50 0
-47 -7 0
-30 16 0
-89 -51 0
-18 -78 1
64 -72 0
-71 -19 0
5 58 0
-3 72 1
-30 -32 1
36 35 1
-49 -99 0
-76 82 0
-79 -25 0
-38 61 1
-64 -50 0
40 97 1
73 81 0
-36 55 0
-48 -26 1
-49 11 1
88 81 1
-93 47 1
-97 -58 0
-27 1 1
-40 -100 1
-55 90 1
72 -48 0
-48 5 1
67 51 0
-64 -14 1
74 37 1
-56 -29 0
29 41 0
-94 24 0
90 -18 0
-82 32 0
14 -21 0
-74 -46 1
-87 -34 1
47 80 0
30 43 0
-73 42 1
-31 -22 0
-1 83 0
-75 16 1
-51 -55 1
53 24 1
-4 -7 0
-12 98 0
53 -37 0
-8 88 1
1 43 0
4 77 1
71 -38 1
-88 2 1
55 36 0
-3 69 0
73 44 1
-95 83 1
-75 -4 0
-1 -3 1
13 25 1
-93 -7 1
32 88 0
-72 -9 0
76 92 0
-12 -31 1
54 63 1
-90 -57 1
-97 33 1
37 37 1
-10 1 0
-77 34 0
-33 -39 0
-64 -88 0
56 10 1
85 -79 1
90 -81 1
38 100 1
-9 12 0
81 -68 1
-1 59 1
95 13 0
-18 90 1
79 -30 1
28 49 0
-79 77 0
-67 -46 0
-81 -86 0
-1 -23 1
99 -22 1
-63 -19 1
86 -7 0
49 -47 0
70 99 0
56 -24 0
-40 89 0
-96 -49 0
36 44 1
45 -58 0
-23 -94 0
0 53 1
-77 -98 1
-48 -67 0
-23 -81 1
95 43 0
60 -5 1
46 -27 1
56 36 1
-36 -67 0
47 77 1
-18 64 0
-44 -60 1
81 -68 1
83 35 0
15 67 0
44 -8 1
44 46 0
-60 -26 1
59 84 0
17 21 0
19 76 0
-64 -30 0
-78 -83 0
0 24 0
39 -68 1
75 -53 1
13 57 0
-15 -5 1
-70 46 1
52 30 1
93 -41 1
71 66 1
-14 44 0
37 -30 1
-91 44 0
69 84 0
-48 14 1
-76 -26 0
99 4 0
-67 5 1
-37 -59 0
-70 15 0
1 81 1
-75 -99 0
-95 59 1
-34 85 0
6 19 0
79 98 1
-11 72 0
66 86 0
-45 5 0
-61 -12 0
-54 18 1
-83 35 0
2 -76 1
57 11 0
-11 99 1
-97 80 1
-43 -6 0
15 -4 0
28 94 1
45 -9 1
-23 -66 0
93 -69 0
49 25 1
-87 -4 1
-73 -80 1
5 -48 1
-90 -98 0
-73 72 1
-90 85 0
45 -4 1
-94 89 0
24 -40 1
-55 44 0
83 5 1
4 25 0
-42 -15 1
12 -57 0
11 -32 1
-47 50 0
91 -41 0
13 -67 0
67 47 0
99 -29 0
-77 30 0
57 54 0
21 -27 0
-81 1 1
62 27 1
32 84 0
-14 -12 0
-28 -75 0
30 88 0
46 31 1
-10 -61 1
-12 11 1
-10 -72 1
-72 7 1
-51 -55 1
55 31 0
44 -18 0
-49 -46 1
-10 -93 1
25 -80 1
-27 -87 1
-13 -11 1
32 59 1
12 91 0
72 19 1
67 -24 0
-97 -6 1
63 92 1
91 -83 1
92 -63 0
-67 28 1
-70 14 0
31 75 0
-74 -92 1
88 68 0
77 -28 0
-77 65 1
36 87 0
-4 96 1
66 53 1
7 -69 0
24 -37 0
-49 48 0
34 17 1
-2 74 1
-94 -13 1
-3 -87 1
0 12 1
49 55 1
48 71 0
-19 -60 0
-29 -42 0
-99 48 1
-40 -18 0
-55 90 0
89 19 1
94 -71 0
-30 4 1
79 91 1
35 97 1
57 47 1
-79 -83 0
11 -9 0
3 -99 1
-91 -27 1
38 36 1
-95 -44 0
-77 -51 0
-38 63 1
38 -10 0
74 53 1
-64 88 1
-39 4 1
-11 -15 0
9 -75 1
17 38 0
-31 96 0
-70 -8 1
-4 -70 1
65 -43 1
-89 -73 0
6 60 1
95 24 0
22 -69 0
34 -98 0
-35 -58 0
-80 -52 1
-81 75 0
26 -61 0
-99 59 1
83 87 1
32 -26 1
50 16 0
-98 28 0
-80 20 0
9 87 1
32 -20 1
-24 -86 1
-25 32 0
-63 43 0
-42 43 1
-18 26 1
-1 22 0
-85 -66 0
94 63 0
2 92 1
45 -36 1
6 80 1
18 51 0
-76 -1 0
-65 81 0
95 61 1
-10 90 0
1 80 1
39 3 1
60 -34 0
92 -9 0
-13 21 1
17 -96 1
-96 -1 1
44 -62 1
-11 97 1
-82 -67 1
25 12 0
46 42 1
-99 68 0
14 3 0
-58 -78 1
50 25 0
99 -15 1
21 -9 0
15 -20 0
-33 0 1
73 84 1
-99 -29 0
67 -12 0
-16 -71 1
81 35 0
-23 73 1
80 -77 0
-40 -56 1
93 17 0
-47 68 1
53 30 1
49 -93 0
-26 30 1
-30 40 0
-5 -28 1
85 -9 1
57 23 1
23 42 0
-48 41 1
-71 83 1
-57 46 1
23 98 0
-11 95 1
99 -67 0
42 67 0
5 60 0
-67 52 0
22 -92 1
-70 17 0
32 66 0
82 67 0
-45 97 0
-10 83 0
38 -98 1
-35 -57 0
2 92 0
17 90 1
-27 79 0
-71 -45 0
99 -44 1
-95 -89 0
-86 17 0
21 44 0
32 12 0
23 -41 1
98 22 0
-37 54 1
-85 -43 1
95 -2 0
79 59 1
-92 -61 1
63 -3 0
38 -41 1
93 -30 1
-57 -91 1
-37 43 1
-59 -85 1
-62 -74 0
14 13 0
-12 -97 0
-36 -69 0
22 -10 0
72 8 1
-29 69 0
82 -7 0
19 30 0
-98 -25 0
-74 -84 0
-23 97 1
35 -67 0
82 -43 1
39 37 1
96 -20 0
51 75 1
-5 -13 0
84 -91 0
39 63 1
58 -55 1
-98 -87 1
-11 98 1
77 32 0
61 90 0
-80 -77 0
4 -24 0
-72 36 1
54 61 1
-84 -71 0
82 -86 0
69 -66 1
3 -47 1
-47 32 1
-5 -64 0
62 -14 1
64 34 0
-61 -97 0
-46 12 1
-41 26 1
-4 -17 0
-99 -24 1
-86 32 1
84 16 0
24 96 0
66 97 1
70 -91 1
74 -24 1
-78 -3 1
-99 45 1
-61 -34 1
68 63 1
-57 -63 1
-23 51 1
-11 2 0
54 65 1
0 67 0
72 -83 1
-84 -18 1
20 21 1
82 -14 0
-62 21 1
4 51 1
-38 92 1
-60 -94 0
24 30 0
74 17 1
54 -7 1
67 -30 1
60 37 1
-46 4 1
-100 37 0
71 12 0
87 -90 1
-75 -75 1
41 -26 1
31 -40 0
37 -60 1
-23 62 1
-81 91 1
33 -31 1
-26 80 1
-66 29 1
-88 49 1
85 35 1
-24 -52 1
-95 24 0
-57 66 1
59 -53 0
-58 -57 0
-49 51 1
97 6 1
-12 95 0
86 45 0
-37 -84 1
31 5 0
30 -15 1
23 29 1
49 22 1
-58 -100 1
-21 -96 0
25 -93 0
98 76 1
68 -76 0
84 -15 0
-92 45 0
-89 -24 1
-92 35 0
-2 19 1
-35 52 0
56 -57 0
-26 -46 0
43 -10 0
-35 60 0
-11 -1 0
-30 41 0
62 -7 1
-98 94 0
25 89 1
-66 61 1
-44 -79 0
54 -86 0
59 81 1
-92 22 1
44 46 0
34 58 0
85 -45 1
-42 -72 0
91 -7 1
64 -57 1
-51 90 1
97 3 1
4 44 0
51 -15 0
20 45 0
79 32 1
18 -5 0
-51 -59 1
15 15 1
-68 -5 0
-99 100 0
50 -27 0
68 -18 1
46 49 0
-62 78 1
-43 44 1
20 60 1
-8 2 1
86 90 1
-27 -37 1
-89 91 1
75 -86 1
-51 -16 1
30 32 1
-19 35 0
-23 51 0
-51 32 1
90 -84 1
-8 -20 0
85 -34 1
96 -43 1
-7 -27 1
-15 33 1
46 -59 0
-16 -64 1
-36 -51 1
31 78 1
21 -57 0
1 -52 1
89 47 1
-24 -63 0
-87 4 1
-18 -58 1
94 61 0
83 -27 0
22 -100 1
63 69 0
-60 -17 1
-53 51 1
91 41 0
27 -77 1
29 24 0
35 84 1
97 -69 1
31 -52 0
18 7 1
57 -40 0
-2 7 0
56 -62 0
-28 53 0
1 -34 0
37 63 0
-49 -76 1
-52 14 0
-34 -60 1
-95 86 1
1 27 0
15 61 0
-51 -73 1
53 94 1
-95 -34 0
-66 -82 0
-67 -71 0
20 -38 0
-100 11 1
-72 50 0
74 76 1
56 75 0
98 19 1
30 -81 1
71 86 0
-36 16 0
-15 5 0
-66 -60 1
-35 -97 0
-15 71 1
-52 48 1
95 21 1
11 -36 1
16 -47 1
-50 -5 1
11 -86 0
-77 62 1
91 1 0
-86 -36 0
15 69 1
98 -55 0
-49 -27 0
-17 97 1
73 -20 0
86 -100 1
7 -43 0
-56 1 0
19 -9 0
5 22 1
-4 95 1
-24 79 0
5 73 1
92 28 1
-40 -27 1
78 4 1
55 0 1
95 -44 1
76 -84 1
-79 -34 1
-42 -36 1
-56 -61 1
9 -75 1
-10 -60 1
38 -30 0
-32 15 0
68 -96 1
80 -67 0
-27 -76 1
59 -23 0
6 16 1
-21 -48 1
-25 16 1
-30 83 0
16 66 1
-98 33 0
30 -32 0
37 86 0
-27 48 1
81 12 1
-14 0 0
-88 -74 0
-40 -13 0
-40 40 1
-17 63 1
85 -80 0
25 62 1
-40 -90 1
-35 50 0
-94 -89 1
42 91 1
21 -35 0
3 -40 0
-68 -28 1
94 -65 1
-18 -100 0
-46 34 1
42 -42 1
-57 12 0
-82 13 1
32 -85 0
7 2 1
-4 -14 0
98 -1 0
-60 40 1
-20 24 1
-77 -25 0
-19 50 1
-20 62 1
-93 -70 1
-83 -70 0
21 -18 1
-2 -24 0
-30 29 1
-20 -37 1
68 -83 1
-44 -60 1
100 27 0
6 31 0
63 62 1
36 -1 1
-4 73 1
72 19 0
-73 72 1
-20 -37 1
-33 -74 1
43 -21 1
-92 19 1
66 92 1
-50 -88 0
10 -39 0
-9 8 0
-21 97 1
59 -15 0
-33 24 1
-55 19 1
-60 12 1
-92 -65 0
52 64 1
77 73 1
57 -84 0
78 62 1
76 14 1
2 -90 0
-63 43 1
88 -28 0
-90 89 0
-62 45 0
23 20 0
70 -17 1
-67 21 1
50 -20 0
45 74 1
46 28 1
-82 -74 0
-77 68 0
26 12 1
-15 -87 0
-77 -5 1
86 1 1
-78 -97 0
-10 57 1
-1 -1 1
68 19 1
34 86 1
2 -49 0
64 -95 0
-45 -40 1
-73 100 0
-63 34 1
-57 24 0
92 -41 0
-4 -43 0
37 59 0
-56 -64 1
23 19 0
10 9 0
-38 66 0
-31 -25 0
58 73 1
-93 9 0
35 -2 0
-100 26 0
-81 15 1
-98 -24 1
-67 34 0
-77 -6 0
-67 69 1
93 -61 1
18 -2 1
67 -59 1
-29 -19 0
-24 -59 0
60 43 1
11 -91 1
-46 46 0
21 85 0
-90 92 0
-76 24 1
-94 -30 1
-45 -36 1
34 15 1
-73 -94 1
-24 66 0
-34 24 1
-40 84 0
-96 4 0
11 -56 1
-72 -11 0
95 -93 0
-64 -26 0
-34 -28 1
-49 8 1
-84 43 0
68 62 1
18 -61 0
41 -72 1
-85 16 0
-7 -71 0
-74 96 1
-51 -21 0
-13 32 1
84 45 0
-28 -93 1
13 -44 0
56 -11 1
-87 14 0
-84 30 1
0 -100 1
-43 -34 0
47 36 0
-88 40 0
19 -37 1
-40 44 0
82 98 1
-85 88 0
-49 -76 0
-85 66 0
-12 -55 1
56 -54 1
-56 -10 0
-35 -61 0
-25 -12 0
43 38 0
-86 -78 0
-65 62 1
72 13 0
29 -62 0
-7 26 0
68 -19 1
-11 -9 1
-87 -99 1
-11 -60 1
-91 26 0
48 -41 0
47 -57 1
-68 3 0
65 78 1
-48 -10 1
43 17 0
35 -82 1
6 100 0
-10 43 1
28 -46 0
15 -54 1
85 -56 0
71 -75 0
-50 27 1
-60 89 0
71 98 0
-99 -57 1
-32 -100 0
3 -96 1
63 95 0
1 62 1
99 82 1
-21 31 1
1 -34 1
4 -11 0
-8 13 0
29 64 0
37 -17 0
-39 -8 0
-46 -60 0
22 47 1
100 -50 0
-99 -18 1
81 78 0
-54 21 1
-39 -21 1
-70 45 0
82 -24 0
13 -70 1
23 -12 0
-5 -28 1
69 -62 0
-29 50 0
-51 20 0
-83 66 0
-38 5 1
-44 -76 0
85 39 0
28 18 0
-87 -99 0
-8 -76 0
64 -46 0
-87 -23 1
8 21 1
-59 30 1
-78 42 0
43 -45 1
82 -2 0
-76 -67 0
75 -41 1
-83 67 1
-48 3 1
72 99 1
-38 -43 0
49 66 1
-89 -89 0
-7 56 0
18 6 1
24 -64 1
22 -1 0
46 -84 0
60 -99 0
-39 7 0
-28 18 1
27 -83 1
-90 33 0
7 -60 1
69 70 1
37 30 1
-92 -68 1
12 47 0
13 61 0
-100 -63 1
34 -15 0
-34 63 0
75 -88 0
19 -14 1
-5 -62 1
23 -89 0
18 -75 1
-12 17 0
28 -89 0
28 -84 0
50 -9 0
-11 -100 1
-7 -33 0
-18 3 0
-77 70 1
-73 30 0
-93 -43 0
-19 -30 0
94 89 1
60 52 0
64 67 1
68 -20 1
40 51 1
39 74 1
99 27 1
-87 -90 1
37 -27 0
41 12 0
-16 -31 1
-32 -65 0
-90 -85 1
44 -82 1
40 -84 1
-10 -4 0
51 -79 0
41 -21 0
25 68 1
53 -94 0
64 63 0
32 -8 1
-71 -90 0
46 -29 1
31 -76 1
31 48 0
-10 63 0
42 17 0
40 -7 1
-80 -27 0
86 -99 1
-87 -10 1
-34 -26 1
-3 -95 0
75 95 0
-48 -43 1
-96 -97 1
-13 -53 1
61 -93 1
-35 84 0
77 6 0
34 58 0
59 -75 1
77 36 1
2 13 0
54 -61 1
-57 -60 0
-11 -14 1
-65 -75 0
70 67 1
89 20 0
-96 31 1
29 93 1
-3 29 0
12 97 1
87 8 0
-67 -61 0
88 -79 0
32 100 1
53 -6 1
-70 -61 0
75 1 0
6 -37 0
100 -13 1
-42 92 1
22 31 0
23 -45 1
-78 54 0
-54 69 1
-34 53 1
-90 39 0
57 -96 0
48 -44 1
-80 -48 0
-43 -63 1
-8 -45 1
30 -81 1
84 -26 0
-13 -76 1
-81 4 1
-33 -62 1
-25 -85 1
-30 -43 0
22 19 1
59 -89 0
-64 -11 1
-97 79 1
34 -50 0
30 97 0
62 -84 1
-93 -95 1
94 53 0
7 -5 0
-11 -67 1
-78 -59 1
2 94 1
40 13 1
-83 -3 1
-51 -15 0
-41 21 0
84 57 0
2 -3 0
-17 80 1
59 -29 1
41 -53 0
1 78 0
15 -86 1
40 -68 1
81 30 0
9 68 1
17 7 0
-70 -46 1
32 77 0
48 -26 1
-51 -5 1
-75 54 0
62 35 0
31 36 1
18 -63 1
-57 61 0
39 -30 0
77 2 0
83 63 0
-76 -45 1
29 49 1
5 76 1
72 -85 0
33 -19 1
5 12 1
83 -52 1
-38 98 0
-96 66 1
-7 -7 1
14 98 1
-17 -74 0
11 20 0
2 17 0
13 4 1
42 -70 0
0 55 1
-13 -52 0
9 -11 1
81 -10 0
-87 74 1
54 -25 1
-2 88 0
-9 36 1
-10 -43 0
67 7 0
-28 21 0
-32 10 1
30 -47 0
-72 62 1
66 -53 0
-68 -63 1
-28 -83 0
92 23 1
-38 21 1
88 15 0
-19 73 0
-89 94 1
-61 24 1
86 -34 1
85 30 1
74 26 0
67 -58 1
23 -36 1
-82 -71 1
-93 -84 0
-93 97 1
-37 36 0
-62 49 1
-91 -97 0
2 -22 1
-1 -50 1
-47 -30 0
1 8 1
-45 98 0
-37 -64 1
67 -7 0
58 -23 1
-36 89 1
-39 -88 0
88 -21 1
-95 -21 1
-9 -81 1
-85 63 1
-77 -16 1
40 52 0
30 73 1
2 51 1
4 -63 0
46 -20 0
-76 -31 0
29 41 1
83 4 1
95 -86 1
-72 27 1
3 46 1
-46 -67 1
1 -76 1
48 -77 0
-18 41 1
-20 95 1
-30 -65 1
8 -28 1
8 17 1
87 -34 1
96 40 1
73 45 0
14 -73 0
81 75 1
-41 -75 1
-44 76 0
-6 -66 0
78 37 1
14 57 0
30 73 0
-15 -70 0
-60 52 0
65 96 0
94 10 0
43 96 1
36 76 1
-49 98 0
98 -91 0
-6 -64 1
-52 -85 0
-58 53 1
94 -63 0
29 84 1
67 -7 1
-58 27 1
26 31 1
3 -71 0
-78 9 1
28 -90 1
-30 14 0
-79 13 1
-81 -55 0
-9 73 1
-92 -51 1
2 12 0
14 -48 1
51 39 0
-19 -83 0
67 27 1
-76 -34 0
-44 -50 1
-15 -36 1
-9 9 0
60 67 1
100 -86 1
-38 -76 1
23 -100 1
-41 -58 1
5 12 1
-66 -30 0
79 40 1
1 -55 0
62 34 0
-34 -46 1
-21 69 0
-41 23 1
53 -62 0
41 -26 1
18 47 0
29 53 1
86 -91 0
-38 27 0
-44 14 1
42 -62 1
-5 27 0
52 30 0
68 -39 1
-70 29 1
-60 -67 0
19 46 0
-44 9 0
-76 -49 0
70 23 1
57 -69 0
75 -65 1
-26 2 0
11 -93 0
-40 -17 0
-49 67 1
49 -67 0
29 -3 0
-76 68 0
76 100 1
41 -87 0
46 85 0
79 54 0
-55 59 0
-77 81 1
96 88 1
-78 91 0
-81 -81 1
33 -64 1
93 39 0
-40 37 0
-86 -40 1
-9 -97 1
50 -72 0
-92 -89 0
56 -97 0
-57 -60 1
-14 36 1
-44 -26 1
53 -29 1
-53 -83 1
-69 -29 1
93 -86 0
74 -82 1
51 99 1
18 88 0
-76 59 0
31 89 0
-67 -8 0
96 47 0
-16 -83 1
65 42 0
-78 79 0
15 46 1
76 -95 0
4 -32 1
4 -39 0
71 24 1
-85 -87 1
90 38 1
-67 -4 1
-65 13 1
71 -45 0
6 76 0
93 -45 1
-57 -60 0
98 -6 0
85 -50 1
62 -31 1
89 1 1
-10 -82 0
-69 68 0
25 -63 0
-33 1 1
-55 47 0
-81 -75 1
-67 15 0
90 77 1
17 -89 1
68 -95 0
11 -10 1
-82 73 1
51 24 1
30 -49 0
-23 -54 0
51 -28 0
-77 62 0
25 1 1
17 15 0
29 14 0
74 -22 0
1 57 0
4 38 0
54 -29 1
-92 -1 1
19 46 1
29 -48 1
-87 -74 1
63 88 1
-13 -25 0
-62 58 1
91 94 0
57 -10 0
-49 -69 0
-38 31 1
55 40 1
74 62 1
36 -100 0
-78 78 0
-67 -70 0
-82 7 0
46 -50 1
56 -33 0
46 -94 1
72 87 1
39 93 0
-2 76 0
-36 -58 1
-96 -17 1
76 7 0
-45 -75 0
59 48 1
90 4 0
34 3 0
-11 97 0
20 71 0
16 67 0
-54 18 0
56 85 0
36 79 1
64 -17 0
83 25 0
-95 -35 1
-9 6 0
-3 -10 0
81 57 0
-74 -46 1
96 -72 1
-21 66 0
-61 -48 0
-12 34 1
-8 -92 0
32 82 1
-46 97 0
8 81 1
80 99 1
13 3 0
64 92 0
52 56 1
-83 54 1
28 22 0
8 -70 0
-27 -75 0
94 26 1
50 -96 1
49 73 0
93 44 0
-43 90 0
46 -44 1
-36 19 1
-4 100 0
32 -84 0
-17 77 1
-14 -92 1
-31 -86 1
-87 37 1
-24 10 0
74 10 1
64 13 1
61 38 1
-37 -17 1
41 -37 1
-19 94 1
64 -96 1
72 -6 1
-30 -88 1
-33 59 1
64 -85 1
70 53 1
-42 -57 0
79 -74 1
14 18 1
14 16 0
86 -43 1
-8 -8 1
-83 -29 0
80 3 0
2 26 1
-10 15 1
-67 20 1
-15 -46 1
61 -64 0
42 82 1
66 55 1
-81 -56 1
3 9 0
0 -38 0
-63 -92 0
69 49 1
85 16 1
80 49 1
-64 47 1
-40 -82 0
45 -22 0
12 -99 0
87 12 0
74 69 1
69 13 1
23 -56 1
85 -47 1
46 -77 1
82 14 1
81 -32 1
-92 -24 0
100 99 0
-52 -40 1
-91 37 1
-51 32 1
-82 -14 0
-58 -1 1
29 -30 1
-43 76 0
-76 52 0
-8 -63 1
-51 67 1
-51 48 1
-20 -27 0
-69 79 1
-73 14 0
85 -25 0
75 -23 0
48 -11 0
52 61 1
-23 -41 1
-85 -31 0
-51 20 1
52 -52 0
-62 -35 1
-10 -56 0
15 -96 0
8 -49 1
77 -94 1
-35 88 0
74 45 1
-74 -94 1
-10 76 0
54 -90 1
43 81 0
-14 -71 0
62 65 1
-86 -33 0
24 90 0
26 -76 0
-15 92 0
82 -69 1
-71 46 1
57 20 0
-73 -42 1
-91 -75 0
66 27 0
-33 22 0
-80 -8 0
-80 -18 0
-92 93 0
26 -24 1
70 93 1
-12 41 1
52 74 0
-39 -41 1
48 96 1
100 -50 1
-28 -57 0
-55 20 1
12 12 0
78 12 1
87 -76 1
-36 -86 0
-11 91 1
-61 -36 0
-10 -87 1
55 75 0
-46 49 0
50 33 1
82 -26 0
64 -69 1
-95 -83 0
-18 -48 0
33 -43 1
56 58 0
-94 -24 0
58 -27 0
-8 -49 0
-13 -28 1
-52 -61 0
45 -71 0
-3 -31 1
25 76 1
-56 92 1
-31 9 0
-62 88 0
53 -73 1
-19 -32 1
-8 99 0
92 -39 0
13 37 0
-97 3 1
45 -38 0
-57 -63 1
-6 6 0
-2 9 1
-31 84 1
35 -55 1
-88 25 0
-10 84 1
-89 65 1
53 89 0
95 92 0
-37 22 0
80 -10 0
47 46 1
15 49 1
18 -2 0
-5 75 1
0 -99 1
-62 -100 1
24 16 1
-5 -8 1
34 -75 0
26 -18 0
-24 -93 0
56 -38 0
83 -13 1
-90 62 1
48 -36 1
-21 -93 0
-76 60 0
-39 38 1
17 -50 0
-53 -10 0
-23 -78 1
-98 32 1
28 40 0
49 -19 1
-14 -91 1
-75 66 0
-38 -12 1
-88 -53 1
-45 41 1
-69 -46 0
-53 98 0
-53 5 0
-83 -61 1
-29 -5 1
50 53 1
-75 -23 1
57 -95 1
32 84 0
-62 45 1
49 11 0
-60 -61 1
-20 59 1
-9 22 1
70 -23 0
62 67 1
-3 28 1
-85 78 0
89 -23 1
10 11 0
-88 0 0
58 33 0
87 -53 1
14 83 0
35 95 0
48 10 0
19 62 1
59 19 1
42 45 1
-87 100 0
89 -52 1
-83 2 1
77 94 1
-17 46 1
79 46 1
-13 -58 1
-77 41 1
23 78 0
42 37 1
37 -47 1
-54 54 1
35 59 0
6 -45 1
27 56 0
15 16 0
40 31 1
57 -81 1
-51 -10 1
30 -62 1
-26 -72 1
76 11 0
86 47 1
-46 43 0
-23 -51 0
-18 76 0
-35 -2 0
10 -58 0
-26 -33 1
28 18 0
73 -43 0
-42 -64 1
-70 73 0
86 -60 1
-51 -75 0
84 -51 0
-62 -8 0
75 66 0
-10 26 0
54 87 1
21 -71 0
-14 -15 1
99 14 1
39 -32 1
-10 -89 0
-23 62 1
3 -12 1
19 -88 0
42 49 0
67 62 1
96 -22 0
4 -53 1
-30 -49 0
-1 10 1
79 81 0
-55 34 1
-39 -77 0
-27 13 0
43 22 1
-92 -37 1
59 -26 1
-51 46 1
18 73 0
-47 64 1
-59 79 0
-28 -16 0
-35 -83 0
-20 -9 1
34 87 0
60 100 1
45 36 1
-99 -43 1
-56 -10 0
4 -44 0
-99 11 1
-81 37 0
39 84 0
-14 75 0
-37 -72 1
50 -66 1
-57 -97 0
-12 58 1
-37 35 0
-22 45 1
-11 -6 0
52 53 1
-86 83 1
-87 -27 1
55 87 1
17 -8 1
-54 60 1
88 -13 0
-100 -79 0
-21 34 1
-100 -15 1
65 -99 1
-82 5 1
37 -72 1
-37 67 1
61 -59 0
23 91 1
88 83 1
78 85 0
-20 44 1
-37 -41 0
-40 87 0
2 49 0
83 -81 1
-52 64 0
-7 22 0
0 -80 1
-61 29 1
-66 -49 0
-92 -47 1
-100 -69 1
88 74 1
68 -59 0
-67 -79 1
-90 -98 0
53 17 0
-61 99 1
91 36 0
81 0 1
-36 88 1
42 -99 1
19 -37 1
-89 -24 0
-86 62 1
79 77 0
-19 22 1
36 26 0
87 -38 1
19 -12 1
-77 46 1
-2 -59 1
-43 59 1
75 45 0
-62 91 0
29 -1 1
87 -89 0
31 -35 0
63 33 0
8 86 1
82 83 0
60 58 1
-55 -2 0
-50 -8 1
-69 -84 1
-26 74 0
73 -100 0
-28 51 1
-73 66 0
-70 -66 1
-11 -37 1
-70 99 0
36 -7 0
-32 43 1
-97 -97 1
27 1 1
76 99 0
80 12 1
-68 -89 1
-23 7 0
99 52 1
58 -22 0
42 -83 0
-85 59 0
93 81 1
-71 -10 0
42 83 1
-64 89 0
-44 -46 1
-54 -83 1
-12 -67 1
65 17 1
39 -82 0
4 19 0
32 30 0
46 -72 0
-24 -94 1
38 -89 0
10 -53 1
10 -93 0
64 -54 1
-2 87 0
-77 -13 1
86 -25 0
65 57 1
-93 84 1
-25 21 0
29 90 0
-97 -83 1
24 64 1
33 32 1
72 9 1
-7 64 0
-62 78 0
49 -99 1
-68 -42 0
4 -88 1
7 46 0
0 -25 1
-57 -65 1
-17 29 0
93 78 0
65 27 0
43 -29 1
-50 -94 1
81 -57 1
-77 80 0
18 15 1
-47 3 1
-93 -26 1
5 -63 0
-82 -77 0
-26 53 0
-38 -27 0
-71 -86 0
19 19 1
69 90 0
39 -14 1
-98 -17 1
85 -71 1
-87 -47 0
68 1 1
44 12 1
95 -21 1
-54 98 1
-7 -72 1
65 -89 1
-57 13 0
67 -91 0
51 -22 0
-51 74 0
-16 -98 0
-67 -26 1
21 3 1
-71 -68 0
14 74 1
-81 -25 0
75 53 0
-11 -22 1
-7 95 1
74 35 0
-2 15 0
41 14 0
-14 24 0
-80 -94 1
72 -81 0
52 -58 1
-96 -9 0
-44 -52 1
76 -79 1
71 -55 1
-34 82 1
-3 -3 0
-1 -94 1
-50 68 0
-87 52 1
-10 78 1
98 -10 1
-72 -44 1
36 88 1
45 -24 0
36 87 1
55 69 1
71 -55 1
34 49 0
15 84 1
-85 -52 1
34 -79 0
14 -30 1
-15 90 1
19 -61 0
-17 -25 0
11 50 0
57 1 0
13 38 0
-93 -9 0
-52 -20 1
22 -24 1
-36 66 1
14 16 1
89 -83 0
78 91 0
-14 -52 1
32 -20 1
0 -18 1
45 -17 0
-54 26 0
97 -81 1
41 -9 0
75 -63 0
1 -67 0
94 -99 0
62 -52 0
-19 -22 0
88 49 0
-74 -30 0
-9 -18 1
-86 -70 0
93 69 0
-36 -17 1
73 98 1
81 -72 0
26 -20 0
-93 35 0
-93 -43 1
-16 -81 1
-63 -52 1
-43 84 0
61 86 1
-33 -83 1
-41 67 1
100 -5 0
100 -61 1
51 -95 1
62 -58 0
29 -77 1
-41 -20 1
96 -39 0
55 96 0
98 47 1
77 65 1
93 58 0
-45 28 1
-10 40 0
2 13 0
-45 -25 0
57 -95 0
-53 58 1
-33 -71 1
89 -36 1
42 -20 0
57 -9 0
-84 -89 1
55 -56 1
34 -88 1
-29 20 0
-23 -100 1
4 -32 1
-46 -14 0
10 29 0
34 -19 1
87 25 0
-62 -65 0
18 -7 0
94 -1 0
-58 5 0
48 -37 1
-87 79 1
62 15 0
71 82 1
-93 75 1
78 68 0
-68 -39 1
57 75 0
-15 -72 0
0 -28 0
-69 -97 1
63 -66 1
-33 -85 0
40 58 1
9 96 0
63 25 1
62 76 1
-52 -58 1
-94 96 1
55 45 0
86 -74 0
65 56 0
93 67 0
-88 -28 0
-78 79 0
-74 18 1
11 -28 1
9 -94 1
32 37 0
-84 42 1
47 -87 0
49 37 0
-7 -66 0
12 85 1
72 47 0
-69 -97 0
-35 -36 1
74 -25 0
-63 -6 1
21 -84 1
11 10 0
-18 24 1
80 93 0
59 11 0
63 -57 1
-5 -8 1
20 -76 1
94 -20 0
-26 20 1
82 -88 1
5 83 1
65 43 1
51 30 0
-14 25 0
9 97 0
26 -25 0
4 55 0
-23 -87 0
-87 98 1
12 92 1
-20 -50 0
40 -59 1
-5 -31 1
3 70 0
86 90 0
69 42 0
-81 -20 1
93 -98 1
99 -42 0
28 -52 0
62 -79 0
-13 -65 0
65 -51 1
-7 -10 0
41 -6 1
-62 -98 1
-6 62 0
100 46 0
-25 -89 1
-1 -91 1
-90 -3 1
85 37 0
-82 60 0
-73 85 0
15 1 0
19 -21 1
-54 58 1
13 37 1
100 33 1
8 50 0
20 -47 1
15 21 1
-51 29 0
-87 75 1
55 60 1
-20 5 1
25 -62 1
10 -76 0
-91 66 1
4 89 0
4 41 1
-25 -72 0
-35 -61 0
90 98 1
95 -96 1
93 -63 1
-14 -31 1
-56 -2 1
33 -72 0
-58 -29 0
-81 -9 0
-74 -92 1
-67 60 0
-20 -71 0
-66 -58 1
-95 29 0
74 31 1
-53 -61 1
-17 82 0
91 35 1
19 25 0
71 31 0
-22 66 0
-24 62 0
-83 27 1
-22 -30 0
-3 -44 0
-87 -61 1
14 93 0
-45 -19 1
-100 97 0
-29 -30 1
-10 -5 0
41 12 0
-32 94 0
13 -2 0
-30 -53 1
-85 -1 0
55 -78 0
-46 34 1
76 -6 0
-7 -97 0
-37 -63 0
-30 99 1
14 -25 0
-13 66 0
-100 -4 0
-68 46 0
-44 88 0
48 -93 0
85 -76 1
9 73 0
93 -58 1
6 -83 1
15 -86 1
-97 88 0
97 -97 1
-53 -59 1
75 53 0
65 7 0
1 65 1
24 -82 0
-62 13 1
-70 -17 1
-11 -12 0
51 87 1
56 71 0
-11 36 0
89 27 0
-90 -12 1
-57 -90 0
97 40 1
28 -99 1
22 -75 0
92 -16 1
-31 17 1
54 -13 1
-77 -12 1
47 34 0
-44 37 1
1 -58 0
78 32 1
68 -2 0
76 58 0
-33 -22 1
49 57 0
-86 -81 0
51 100 1
95 -2 1
35 70 0
7 1 0
48 -48 1
27 48 1
-82 -79 0
27 92 0
63 90 1
-51 -12 0
-92 -10 1
94 -2 0
-7 44 0
-50 -14 0
-100 -37 1
-68 -84 0
-50 -20 0
19 -99 1
87 -97 0
-45 -12 1
-93 18 1
57 50 0
-9 -83 1
-40 2 1
-6 10 1
-40 -34 0
-97 55 1
24 -40 1
-72 -66 1
12 36 1
34 50 0
34 46 0
-98 27 0
-48 46 0
-40 -4 1
-32 79 1
12 -63 1
73 -68 1
-56 33 1
-63 -37 0
8 -47 0
42 -43 1
33 -63 1
2 48 0
-67 60 1
-15 -32 1
-81 78 1
57 78 0
-76 -65 0
-3 15 1
-45 74 1
75 62 1
-91 79 0
-43 -8 1
-8 -72 1
-2 5 1
100 -96 0
20 -91 1
83 63 0
-75 99 0
-43 53 1
-91 90 0
-26 -29 0
-93 -1 1
-2 94 0
-64 -23 0
-80 -57 0
23 26 1
59 -45 1
28 -91 1
-3 -25 1
20 -5 0
28 -21 0
54 52 0
-83 -86 1
-17 46 0
71 -43 1
-61 6 0
-19 -65 1
-68 73 0
77 95 0
-66 82 0
71 28 1
31 -40 1
49 -14 1
3 -42 1
-89 -18 0
88 80 0
-45 -29 1
-25 -73 1
65 -71 0
-11 -42 1
96 -17 0
73 36 1
-100 -28 0
18 34 1
-86 65 1
-93 -83 0
13 89 1
91 13 1
28 -1 1
99 61 0
-25 -66 1
-16 -99 0
48 64 1
-9 18 0
-34 67 1
96 50 0
12 7 0
73 38 1
-96 15 1
-64 -69 0
-94 -14 1
13 -80 1
-24 -61 0
90 83 1
-64 -42 0
-31 -29 1
-54 98 1
-71 13 0
-92 -23 1
35 -37 1
-14 92 1
-78 -81 0
15 -81 1
17 42 1
8 61 0
40 -54 0
84 14 0
-27 -12 0
35 -17 1
-44 66 1
-88 96 0
20 -50 0
-50 -37 1
-90 -71 0
22 51 0
72 -5 0
61 -77 0
78 -34 0
-97 -77 0
-25 75 1
90 67 1
15 20 0
-33 30 1
31 -64 1
-83 -60 0
-27 67 1
-63 26 0
-58 -49 0
77 -40 0
-11 -71 1
-59 12 0
38 -48 0
91 -47 1
88 13 1
-65 75 1
-12 -25 1
-88 -81 1
2 70 0
-27 -65 0
42 100 1
59 -41 0
90 40 1
38 81 0
31 58 0
9 -14 1
46 92 1
-47 83 0
-56 -80 1
-11 -35 0
-72 -60 0
33 12 1
-55 38 1
-54 -93 0
94 39 1
46 -5 1
18 -46 1
17 -57 0
71 4 1
-57 35 0
-75 -88 1
68 -71 0
97 -94 1
80 89 1
34 33 1
-98 83 1
-72 -90 1
19 76 1
-55 6 1
10 97 1
-98 96 0
92 -60 1
47 -44 1
75 96 0
11 49 1
76 19 0
-98 -63 0
21 -3 1
16 -80 0
97 21 1
73 -74 1
31 55 1
-79 -29 1
34 21 1
3 -67 0
65 19 0
50 56 0
-22 -63 0
18 -36 0
-96 24 1
56 13 1
2 59 0
43 -40 0
99 38 1
58 -45 1
-14 -71 1
100 -72 1
51 27 0
-55 -82 0
-27 -32 1
-25 -15 0
88 15 0
-84 44 0
-8 66 0
-60 58 1
-46 65 1
-75 47 1
47 -16 1
-83 44 1
49 61 0
1 -86 1
-65 64 0
-66 -72 1
-51 16 1
-4 95 1
92 -96 0
88 73 1
36 -42 1
-55 68 1
37 62 0
81 -33 1
-100 18 1
48 76 1
-93 -24 1
-60 -99 0
-73 -25 1
45 34 1
-18 -17 1
-80 -40 1
50 90 0
-82 7 1
43 22 1
65 68 1
-70 -36 1
-23 82 1
76 52 0
89 -99 0
57 79 0
90 16 1
-92 74 1
80 -71 0
-50 -99 1
-42 95 1
13 -93 0
26 54 1
15 50 1
-44 -14 1
-85 41 0
57 45 1
40 -59 0
-9 8 1
-52 67 0
99 -41 0
15 -54 0
61 4 1
-7 99 0
-15 30 1
-92 -88 1
-1 47 0
19 12 1
4 43 0
-94 -40 1
79 -27 1
31 -80 0
-60 90 1
-75 -100 0
-1 -68 0
-12 -24 1
82 -33 1
47 -54 0
52 6 1
-31 0 1
-91 38 0
-14 -75 0
19 40 0
99 -21 1
73 3 1
-19 -92 0
88 -27 0
-14 20 1
86 -55 1
56 69 0
-6 -34 0
69 -12 1
-41 -89 0
-47 -17 0
-46 60 1
-72 -52 1
51 -63 0
-9 75 1
21 43 1
98 99 1
82 76 0
-67 83 0
-54 62 0
73 -29 1
42 0 1
43 44 0
59 49 1
16 17 1
-72 -53 1
74 30 1
5 95 0
74 97 1
55 -100 0
-6 -5 1
69 72 0
22 19 0
9 87 0
-91 -68 0
-73 26 1
-99 58 0
76 -48 1
53 95 1
-98 -22 0
20 -28 1
-17 16 1
-77 81 0
73 -52 0
-65 73 1
-53 -97 1
-76 -29 1
3 17 0
73 49 0
97 -29 0
-72 75 1
-98 -35 0
45 97 0
-89 21 0
48 94 1
-6 34 0
87 97 1
52 -96 0
-8 64 1
23 6 0
16 -77 0
67 -46 0
20 47 0
-26 52 1
53 94 0
-17 4 1
-66 24 1
93 -48 1
23 -10 0
35 -46 0
-7 48 1
59 9 1
45 85 0
-94 35 1
9 -43 1
17 12 0
-16 28 0
-18 -94 1
39 -35 0
-19 91 1
16 -25 1
18 19 0
-18 -79 0
-7 19 0
-27 35 0
33 83 1
99 12 1
25 31 1
-28 26 0
100 -90 1
-61 -54 0
49 -91 1
-69 45 1
26 -85 1
95 86 0
-32 -15 1
89 -26 1
-17 39 0
98 50 1
71 7 0
40 62 0
-98 -81 1
31 26 1
-51 -15 1
41 -96 1
86 -65 1
9 -97 0
65 47 1
-23 -1 1
1 20 1
70 -96 0
-27 -44 1
73 -76 1
29 -94 0
81 -23 0
-65 -6 1
25 -53 0
-4 7 1
-49 30 1
-68 -67 0
99 -47 1
-65 31 0
-57 -45 1
97 26 1
-98 51 0
-71 6 1
48 -7 0
48 22 0
97 -35 0
-7 86 1
-61 51 1
14 95 1
-1 -54 0
-76 -84 1
-77 -2 1
43 -45 1
-52 -56 1
86 76 0
-5 -24 0
-37 89 1
-32 -15 1
-41 2 0
-63 96 1
-35 26 1
18 52 0
-76 -83 1
-95 -35 1
-87 -86 1
-81 10 0
-92 97 1
-43 50 1
67 -32 0
-77 -56 1
40 -78 0
-53 -70 0
35 0 0
-50 -46 0
98 -65 1
99 -98 1
-21 58 1
65 84 1
24 24 1
77 40 0
-65 -44 1
78 -69 0
79 97 1
13 -5 1
-19 -64 1
-48 20 1
-96 13 0
-51 -6 0
-75 19 0
-45 4 0
-72 -79 1
-37 -85 0
-90 68 1
63 35 1
-65 -70 0
30 -25 1
-10 49 1
-92 32 1
6 -31 1
56 43 1
-53 -83 1
-47 -27 0
-88 27 1
-43 75 1
24 -55 0
44 -17 0
-44 -92 1
67 27 0
-95 -77 0
42 68 1
-90 -82 0
43 -22 0
-68 -23 0
15 -77 1
42 -78 0
40 -73 1
-32 73 0
79 72 1
-53 94 0
-61 -48 1
29 -50 0
68 88 1
-92 -81 0
63 12 1
-69 -3 0
79 68 0
98 15 1
-79 73 1
87 -99 1
-5 18 0
34 -80 0
-17 43 0
66 96 0
-67 -52 0
74 -4 0
100 -28 1
71 -1 1
90 -22 0
69 31 0
-43 55 0
-77 9 0
-89 -33 1
99 40 1
39 29 1
-37 -14 1
74 48 0
35 -67 1
-63 -39 0
-28 55 0
-1 -40 1
51 49 0
-75 14 0
27 55 1
-3 97 0
5 43 0
-65 91 1
-91 58 0
-33 66 0
76 30 0
-59 88 0
-9 28 1
-79 7 1
59 -53 1
64 -42 1
77 -25 1
58 89 0
67 68 0
-14 -26 1
66 -55 0
-56 11 1
99 86 1
-25 -76 0
-79 36 0
-5 -42 1
67 54 1
-19 90 1
51 66 0
75 55 0
-20 -23 0
29 -63 1
-60 -83 0
25 69 1
59 23 1
-32 -86 0
-58 -53 0
-33 -95 0
57 39 0
86 -56 0
-82 52 1
83 61 0
-66 38 0
-55 9 0
-26 18 1
-29 60 1
71 -67 1
32 -38 1
12 -44 1
-33 -75 1
46 65 1
-89 -17 1
-46 27 0
12 -42 0
48 -39 0
-84 61 1
-68 73 0
79 -67 0
90 6 1
71 57 1
95 -80 1
-29 -95 1
-82 -11 0
37 -28 0
-24 42 0
-75 89 0
42 -63 1
19 -52 1
55 78 1
-47 9 0
9 -69 1
1 22 0
-25 -82 1
19 6 0
-16 86 1
81 18 1
-43 -81 1
-20 38 1
-30 61 1
-9 -95 0
62 -5 0
-59 -82 1
-16 15 0
81 94 1
-31 -84 1
30 -75 1
10 46 0
-28 -50 0
-27 -69 0
-36 -94 1
77 -52 0
4 -27 1
56 -77 0
73 -22 1
21 -8 1
68 37 1
-31 -50 0
90 36 0
74 -84 1
-89 -16 1
-70 -59 1
60 -83 1
-64 59 0
-24 45 0
79 -53 0
16 -28 1
-73 26 0
-9 39 1
-56 15 1
-78 43 1
-20 9 0
65 97 0
-7 -18 0
100 43 1
82 -63 1
-22 -44 1
-3 -73 0
84 42 0
28 3 1
-77 -57 1
22 -33 0
-76 4 0
-50 -73 1
-35 63 1
-30 78 0
23 75 0
-29 -88 0
39 -11 0
-42 -84 1
-23 53 1
72 80 0
0 63 1
-11 80 0
-48 -46 1
17 28 0
89 5 0
1 -39 0
-52 -52 1
-91 92 1
17 -22 1
-3 23 1
-86 -25 1
49 -60 1
-51 -81 1
-64 -41 0
17 -4 0
-51 50 1
-6 -9 1
-3 33 1
1 36 0
43 5 0
-53 65 0
33 83 0
57 71 1
60 -25 1
45 -87 0
-61 27 1
12 18 0
-37 -31 1
47 -67 0
-33 -57 0
64 -19 0
-47 -76 0
-97 -12 1
-76 84 1
34 83 0
-34 -35 0
11 -43 0
67 -73 1
-46 43 1
76 -90 0
-18 -84 1
62 -73 0
24 -26 0
38 -75 0
-57 21 1
-6 -85 0
-96 -14 0
13 -51 0
6 -13 1
-2 30 0
-39 70 0
-82 -84 1
21 12 0
-81 -79 1
-93 81 0
-35 -86 0
15 83 0
-66 70 0
-23 49 1
-76 59 0
-13 58 1
-22 -9 1
96 -1 1
57 -34 1
-49 -69 1
-99 -23 1
41 59 0
6 74 1
15 29 1
-17 -28 0
-11 81 0
-3 -84 1
13 84 1
-61 -68 0
53 -17 1
-85 -79 0
-62 -76 1
33 -33 1
8 -56 0
-63 43 1
-17 -96 1
-98 -23 1
78 -76 1
40 86 1
-94 -54 1
-26 72 1
75 -76 1
42 -18 1
-54 95 0
-3 -57 0
-7 14 1
89 1 1
-50 19 1
-52 -46 1
39 -1 1
-47 91 0
-40 48 0
-43 34 0
67 79 1
80 58 0
-44 13 0
25 -54 1
77 10 0
73 -72 0
-77 -95 0
99 -96 0
-51 -31 1
-6 -28 1
21 17 1
99 -13 0
37 -77 1
-19 -85 1
-3 81 1
70 -38 0
15 -5 0
-82 -33 1
-38 97 1
47 63 0
-15 -9 0
99 -16 1
7 53 1
34 27 1
85 -1 0
19 83 1
15 -55 1
-5 73 0
-73 -13 1
9 -4 1
54 37 0
-17 -27 1
-49 -59 1
47 -96 1
-99 -17 0
31 59 1
76 95 0
97 -40 0
31 -50 0
91 -60 1
13 -81 0
85 24 1
76 -46 1
-6 -3 1
-68 91 1
37 -41 1
0 -2 1
-65 -74 0
-31 96 1
-33 97 0
-55 -44 1
-29 -30 1
-75 20 1
-57 -70 1
53 9 0
18 -57 1
20 97 0
-13 -99 0
63 18 0
18 -59 0
15 97 1
28 -36 1
22 -11 0
-43 -50 0
59 72 1
100 -84 1
93 67 1
4 54 1
76 -90 1
-90 17 0
-60 -34 0
-78 -8 1
80 32 0
-75 -87 1
-35 59 1
96 -55 1
79 -64 1
11 -41 0
54 -70 1
9 55 1
-98 60 0
-74 -81 1
-8 -98 1
-71 16 0
17 48 0
18 32 0
33 5 1
4 -40 0
-98 20 0
-3 -62 0
-46 99 0
73 86 1
16 -34 0
25 77 1
-22 -53 0
-91 -24 1
-81 -81 0
-77 71 1
-24 71 1
-71 23 1
31 -26 1
-48 99 0
-51 78 0
79 43 0
-71 -69 1
-34 -23 0
-33 -66 0
-49 -63 1
-93 64 1
34 81 0
-100 -94 1
60 -25 0
92 -58 0
65 -41 0
54 -36 1
99 -44 1
19 32 1
-16 85 1
-1 38 0
-99 -10 0
-14 -98 1
-46 -26 1
-38 -84 1
-6 -21 1
80 -31 1
39 -7 0
-87 -66 0
-47 87 1
-10 -57 1
-47 40 0
-15 61 0
-45 1 1
-77 91 1
89 5 1
44 -37 0
-100 -69 1
90 67 0
-12 37 0
-63 40 0
74 22 0
94 2 0
41 -98 0
-20 -68 1
-76 -54 0
-11 10 0
-50 46 0
60 52 0
-4 99 0
-49 58 1
-96 81 1
91 78 1
96 -6 1
70 92 0
-100 75 0
-60 74 0
-24 36 0
4 -12 1
-75 -9 1
-89 -66 1
61 -15 0
89 16 0
-86 4 1
-43 -23 0
-8 -35 0
-10 12 0
8 -78 1
-78 83 1
13 -69 1
22 93 1
79 12 1
-76 100 1
-56 -20 1
-48 -8 1
3 -22 0
33 -15 0
-82 90 1
-40 -42 0
93 86 1
-59 -66 1
-73 -98 0
62 -77 1
79 0 1
-65 68 1
36 -40 1
97 -37 1
-20 16 1
-56 32 1
-15 22 0
29 30 0
-49 -77 1
-41 -95 1
76 5 0
-48 49 1
70 19 1
-90 29 0
-76 38 1
-92 -14 0
5 31 0
-49 56 1
100 -36 0
-52 92 0
47 -82 0
-13 -73 0
11 -47 0
52 -4 0
-97 67 1
80 -4 1
25 -39 1
-67 89 1
95 -97 1
13 61 0
-39 -54 1
46 -62 0
20 30 0
63 -87 1
43 -60 1
-53 98 0
61 52 0
9 -73 0
-40 37 1
38 6 0
8 46 1
-69 -28 0
-87 -80 1
91 -43 1
-10 51 1
69 91 0
6 85 0
-8 -5 0
9 -86 1
20 80 1
-85 1 1
16 -49 1
34 60 1
-43 -17 0
-98 11 0
-10 98 0
-61 -83 1
54 81 1
82 -38 0
-20 -60 0
95 -3 1
-6 -58 1
-67 -19 1
57 -47 0
58 -60 0
94 89 0
-89 21 1
52 -92 0
-56 -63 1
-13 -36 1
3 -68 0
-46 -32 0
11 1 0
-5 29 1
-41 -45 1
-63 71 1
-28 -57 0
35 -83 0
57 -89 0
5 -66 0
-47 -68 1
80 -93 1
88 44 0
-63 2 1
75 40 1
80 6 1
2 -23 1
21 98 1
-72 75 1
-41 -84 0
10 -63 0
-96 49 1
-52 -34 0
-8 -46 0
53 81 1
66 -90 0
-61 97 0
-59 44 0
93 -76 1
-19 14 0
-72 -81 1
100 15 1
-16 -100 1
-43 70 1
90 30 0
16 -58 0
54 -23 1
72 -48 0
31 46 0
31 -83 0
73 75 1
-44 17 1
5 57 0
8 77 1
-98 -56 1
-57 -30 0
-57 -53 1
-22 7 1
72 20 1
38 -90 0
-84 74 0
-85 -56 0
-7 -27 0
66 -16 1
32 -96 1
-88 -56 1
91 74 1
-86 89 0
32 62 1
15 -17 0
-79 38 1
48 72 1
43 -62 0
-23 19 1
-47 77 0
61 -4 0
-13 -27 0
-58 -70 1
-78 96 1
23 -25 0
93 3 0
39 -29 1
9 76 1
-98 -22 0
-70 37 1
-55 79 0
-73 3 0
25 17 0
-70 -29 0
79 59 1
31 42 1
-27 -20 0
-45 50 0
-82 -13 0
86 0 0
-35 -71 0
30 -8 1
51 40 1
-4 -74 1
63 83 0
-70 -8 0
24 -98 0
-10 -34 1
-80 -65 1
31 27 1
34 -6 1
-79 -59 1
-89 -69 1
71 51 1
35 5 1
-43 64 0
60 -72 1
13 -63 0
69 35 0
-5 -50 0
-75 67 1
-66 35 0
-48 -18 0
-6 -38 1
-80 -94 1
30 -2 1
-7 -98 1
-17 94 0
11 57 0
-80 -77 0
74 26 0
12 -2 0
38 85 1
-52 -80 0
-100 17 1
76 -47 1
35 -6 0
31 29 0
-51 -58 0
-38 -21 1
-8 91 0
-34 -80 0
97 6 1
62 -85 0
26 4 0
-73 87 0
38 -68 0
12 85 0
3 33 1
-39 87 0
93 -68 1
-73 82 0
-28 56 1
27 -12 1
-36 24 1
-5 -2 0
96 40 0
-29 0 1
-65 -41 1
-14 -29 1
-26 19 0
-91 16 0
-35 9 0
-43 -12 1
72 76 1
-73 59 0
-62 -62 1
15 12 1
-10 66 1
-37 -84 1
91 27 1
-29 -18 1
17 37 0
21 33 0
-38 10 1
-78 -30 1
-54 49 1
-35 -100 0
-23 46 1
9 -9 0
3 -92 0
14 -32 1
-100 -52 0
71 2 1
25 29 0
49 38 1
17 13 0
-98 -59 1
-23 19 0
2 45 1
-87 -93 0
74 18 1
-65 66 0
36 38 1
82 69 1
-9 26 1
2 -62 0
1 72 0
46 -77 1
59 98 0
-69 38 1
-26 -4 0
30 48 1
21 -79 1
82 95 1
99 91 0
36 25 0
23 16 0
61 10 0
-1 93 0
0 57 0
-55 80 0
-39 16 0
-6 -10 0
63 40 1
62 -25 1
-91 2 1
48 -91 1
49 -83 1
-50 58 1
-79 76 0
77 97 1
-82 95 0
46 -90 0
-3 99 1
28 94 1
-2 87 1
35 26 0
96 -63 1
-55 -76 0
93 -29 0
29 -45 1
-92 -16 0
-84 -13 1
43 60 0
-15 -11 0
21 7 1
22 93 1
-90 -69 0
52 -95 0
2 -37 1
78 74 1
-80 34 1
81 69 0
-70 14 1
16 68 1
-47 42 0
97 26 1
89 100 1
91 -56 0
74 80 0
49 77 0
36 62 0
74 19 0
-56 -55 1
82 84 0
-75 -41 0
43 88 1
-9 -74 1
87 -66 0
-27 -54 1
43 69 1
-49 -64 0
-90 78 0
10 84 1
78 24 1
-100 90 0
-2 27 0
12 -77 0
-68 -49 0
-26 82 1
59 36 1
47 -97 1
56 38 0
62 30 1
-47 -70 0
95 -8 1
-75 3 1
-75 40 0
-45 -85 1
84 -34 0
80 49 1
16 8 0
-32 -61 1
-25 45 0
0 -51 0
-20 -56 0
-96 100 0
-92 -7 0
47 -98 0
24 10 1
18 -49 0
-8 59 0
93 56 0
70 -47 1
66 91 0
-26 43 1
-51 15 0
69 -73 0
69 -86 1
-22 22 0
89 56 0
13 -98 0
69 -46 1
-82 -66 1
21 -29 1
41 47 0
-41 92 1
-13 59 0
85 91 0
-57 10 0
-31 -66 0
46 -36 1
-90 -61 0
88 -7 1
-51 61 1
-73 100 1
-35 -61 1
4 45 1
40 76 0
-2 68 1
25 38 1
-42 -59 1
-46 -94 0
61 -6 0
20 -75 0
-87 18 0
10 -27 1
-20 89 0
62 74 1
-97 -55 1
78 -29 1
-8 98 1
61 -94 0
0 82 0
74 -57 1
-16 92 0
61 62 1
-46 73 1
-26 5 1
83 -66 0
-23 -85 0
-44 -23 0
62 -61 1
-18 -19 1
-81 -72 1
-14 66 0
-93 86 0
34 -62 0
10 -73 0
-17 82 0
-54 67 0
76 -23 0
-9 -29 1
-57 88 0
-88 90 0
29 89 1
68 17 0
-85 3 1
46 38 1
43 -40 1
-55 -94 1
59 75 1
-28 -33 0
48 -29 0
-50 82 0
-94 -14 1
38 31 1
51 -88 0
96 91 0
15 52 0
-73 -27 1
3 -35 1
3 -33 0
-97 46 0
97 -81 0
-66 12 0
52 -88 1
-81 58 1
24 100 0
-27 89 1
82 -52 0
96 -59 0
85 81 0
78 22 0
-32 -25 0
37 -27 0
-49 24 1
81 88 1
-8 -44 0
-74 35 1
35 -46 0
37 -78 1
-49 7 1
79 16 0
-41 -87 0
-84 64 0
-30 60 1
94 35 1
86 -7 1
-35 71 0
67 25 0
-94 -93 1
30 -49 0
-87 -88 1
80 21 0
-80 -11 1
-72 12 1
-13 -13 1
70 -8 0
-27 -49 0
-56 33 0
-26 79 1
69 -81 1
90 -10 0
59 64 0
-26 29 1
4 -84 1
-33 -94 0
24 75 1
-39 -33 1
74 75 1
-28 -67 0
-2 -78 0
70 -47 0
63 72 0
2 31 0
-74 71 1
77 35 0
50 14 0
-74 -72 0
-79 -54 1
33 -49 0
-80 27 0
23 -73 1
-46 -75 0
-79 -44 1
48 -56 0
-53 45 1
-33 87 1
76 -65 1
-44 53 1
-62 96 0
-14 70 1
-2 80 1
-54 59 1
-72 60 0
55 96 0
-18 -59 1
-43 61 0
-28 -35 0
-70 66 0
-52 -84 0
-96 -16 0
93 -40 0
-52 100 1
99 -47 0
66 -18 0
-37 -28 0
31 -68 0
-17 -52 0
50 13 0
-55 36 1
8 -46 0
-14 51 0
31 60 1
41 -34 0
52 -71 1
81 -100 0
63 -95 0
95 -81 0
0 -26 1
-23 23 0
-81 -27 1
92 21 1
-62 31 1
-31 68 1
41 89 1
-44 52 0
23 13 0
-38 24 1
-87 60 0
-15 -22 0
-43 46 0
68 -61 1
5 -1 0
97 64 0
47 -29 1
-84 -67 0
-24 18 0
-10 42 1
86 47 1
15 97 0
-73 13 0
-97 -10 1
-22 19 0
11 -3 0
-11 81 1
-58 48 0
-67 45 1
-16 -42 0
-4 -37 1
94 -5 1
-15 35 1
-90 -78 0
-24 30 1
7 11 0
59 -19 1
-65 42 0
-29 12 1
-84 -62 0
88 -2 1
30 58 0
-28 -30 1
27 -40 1
45 -87 1
79 73 1
11 -76 1
4 57 0
32 -15 1
-33 34 1
26 57 0
3 12 1
-12 -7 1
-98 -14 1
-14 72 1
-59 -100 1
43 90 1
-62 -71 1
12 26 1
-10 -35 0
73 -4 0
-29 -34 0
49 64 1
50 -86 1
35 -25 0
-64 33 0
-33 99 0
-41 -63 1
64 25 1
97 16 1
90 -71 0
-54 -54 1
-70 -35 1
-79 -60 1
54 29 0
14 91 1
17 21 1
93 -42 0
71 56 1
25 18 0
10 -90 1
-66 -87 0
60 -39 1
16 33 0
87 11 0
-87 -58 0
27 -72 0
-18 -72 0
-32 56 0
34 -92 1
-74 47 1
-46 83 1
32 -56 1
-82 -20 1
-72 59 1
73 -12 0
46 59 0
-34 60 1
-53 42 0
98 22 0
-44 -84 1
-2 27 0
68 32 0
-27 -6 1
16 -18 0
39 91 0
97 74 0
-48 -83 0
-46 -48 0
-29 61 0
63 -14 0
-40 96 1
55 86 1
-51 -56 0
-48 -8 1
-66 20 0
19 -35 1
63 -96 0
-26 36 0
-41 -76 0
-95 -40 1
17 -93 0
-26 68 0
81 -70 0
26 -96 1
65 76 1
67 86 1
62 9 1
76 77 1
-51 50 0
5 -87 0
87 62 0
-13 54 1
-72 -73 0
89 11 1
-83 57 0
-34 54 0
14 55 1
54 -58 1
-52 -49 1
9 -60 1
-87 66 1
-26 4 0
9 -91 1
13 -35 1
-17 12 1
-14 3 0
-30 49 0
75 -16 0
-84 52 1
78 -81 0
-16 -4 1
-41 -24 0
44 33 1
28 20 0
-70 8 0
-61 -74 0
-25 -51 1
14 -21 0
-91 26 1
-46 -34 1
75 -59 0
28 -31 0
74 32 1
98 77 1
-85 -10 0
54 46 1
97 -31 1
-24 -69 1
-74 78 0
-89 48 0
2 77 0
8 63 0
57 74 0
-82 89 0
-38 -54 0
94 -24 1
53 -64 1
65 48 0
7 -23 0
20 18 0
-25 -51 1
100 12 0
-14 -79 1
7 32 1
-86 92 1
-28 28 0
-54 -11 0
-70 -85 1
-41 -90 1
42 65 1
96 -45 1
72 14 0
-13 14 1
-68 49 1
98 63 1
77 69 1
-59 -89 0
-10 16 0
26 52 1
18 -85 1
-90 -56 1
57 19 1
1 -48 1
39 38 1
87 4 0
-87 -84 1
-2 -44 1
85 63 1
21 43 1
-84 -37 0
43 20 0
91 86 1
86 5 0
-78 35 1
55 -54 0
-98 -9 0
84 23 0
-91 1 1
61 100 1
29 3 0
78 89 0
-64 -37 1
-88 -11 1
4 53 0
-28 55 1
55 -5 1
100 58 1
-4 -47 1
-78 2 0
42 87 1
6 90 0
13 38 0
-79 -58 0
-99 64 1
-74 -7 1
69 29 0
36 0 0
-80 55 1
98 -31 0
-77 -70 1
-14 -22 0
84 -16 0
-46 -28 1
-17 25 0
37 42 0
-48 6 0
-93 -11 1
62 62 0
32 82 1
-38 57 0
-91 -42 0
-74 -15 1
-67 31 1
2 -13 1
33 -13 0
78 53 1
-55 -31 1
-53 34 1
-94 91 1
-8 -92 0
-87 -19 1
64 -80 1
-64 -77 0
67 88 0
-25 90 1
87 -11 0
66 -5 0
-85 38 1
74 24 0
-7 -40 1
38 73 0
-61 24 0
97 -84 0
-74 -61 0
-78 -15 0
74 -68 1
-39 96 1
-94 35 0
25 39 1
67 4 0
95 30 1
74 91 0
18 -69 0
-11 82 0
73 -86 0
71 -47 0
-82 77 0
-9 -79 1
80 -13 0
-20 1 0
45 5 1
76 -59 0
-71 7 0
44 76 0
-95 84 1
51 -14 0
-68 -93 0
57 -3 1
-17 -87 1
82 -77 0
-77 47 0
-79 -10 1
-24 33 1
15 -76 0
-52 -60 0
32 60 1
20 -11 1
-1 -54 1
-57 22 1
22 -82 0
-94 -60 1
77 -83 0
56 -25 0
5 -2 1
3 -36 1
44 -36 1
-16 -86 0
76 -48 1
35 56 1
29 -73 1
-7 55 0
-62 -85 1
-74 13 0
-90 -85 0
-83 42 0
78 1 1
3 -54 1
4 11 0
87 59 1
81 73 1
-51 83 0
-64 -22 1
39 69 1
12 -6 1
76 79 1
10 -25 0
-28 53 1
-7 -48 1
5 81 0
71 45 0
-1 100 0
64 -41 0
34 23 1
12 42 1
-74 -87 1
-68 78 0
-23 -29 1
-8 -42 0
-98 47 0
92 -16 0
44 -17 0
25 74 1
-61 32 0
40 -16 1
71 90 0
48 -67 1
-27 72 1
-18 48 0
-92 -17 0
-70 -31 1
-19 -95 1
46 8 1
-77 -11 1
-90 -61 0
34 -96 0
84 -87 1
89 -92 1
-53 38 0
55 -21 1
29 36 1
-59 -79 1
62 53 0
99 23 0
-96 -45 1
75 72 1
-33 -38 1
-19 -22 0
55 6 0
-52 33 0
1 18 0
-3 -69 0
91 -60 0
-18 -4 1
-13 -96 1
18 -97 1
-93 14 0
73 -9 0
95 -58 1
-71 -98 1
91 43 1
93 -97 0
15 19 0
10 -62 1
69 -12 0
-43 -97 1
-91 -11 0
48 -15 0
74 -14 0
-44 95 1
17 -59 1
-93 -40 1
-21 -92 0
-20 -55 0
22 43 1
-52 -99 0
-67 -23 1
-97 -44 0
1 9 0
-77 14 0
-9 65 0
22 1 1
-83 -49 1
-7 10 0
-22 3 0
-94 97 0
96 -94 1
-22 -22 1
-8 15 1
43 26 0
-65 -70 0
-25 -49 0
63 -73 1
24 -86 0
-7 71 1
-7 -40 0
65 -22 0
1 65 0
-96 -47 1
-17 -37 1
49 -56 0
30 66 0
-12 46 1
-95 -35 0
96 -29 0
-37 -48 1
66 -80 1
7 69 1
76 11 1
-11 -3 1
-62 56 0
-95 -8 0
-22 -77 1
-15 92 0
45 -2 0
-48 -55 1
-31 45 1
45 -45 0
94 -81 1
3 66 1
-50 -25 1
-31 84 0
-84 -75 1
29 68 1
70 -82 1
-37 74 1
-18 -42 0
10 -100 0
-12 -43 0
96 67 0
-59 100 0
63 -85 1
-19 9 0
34 -68 0
-16 51 0
56 61 0
53 18 1
38 -89 0
-27 43 1
61 82 0
-42 -68 1
-16 -6 1
-14 -79 1
-74 -10 0
64 50 0
-74 90 1
-47 62 0
88 25 0
5 46 0
35 -88 1
-99 -79 1
-68 -90 0
74 88 1
-70 16 1
53 14 1
-40 -94 0
4 -55 1
-37 -90 0
71 73 0
-21 0 1
-7 84 0
-29 89 0
-79 -56 0
77 -71 0
-30 -100 0
100 69 1
-91 17 1
14 54 0
-50 28 0
29 -34 1
4 17 0
62 -94 1
-61 -98 0
-65 14 0
-89 -38 0
20 17 1
-75 97 0
33 -43 1
93 66 1
-49 -65 0
-60 67 0
95 -28 1
3 33 1
30 -30 0
57 -67 0
-81 51 1
38 -86 0
-14 -50 1
80 14 0
70 34 1
-99 -45 0
61 21 0
70 -94 1
59 68 1
36 39 1
-57 -90 0
34 26 1
-54 -87 0
36 -69 0
71 61 1
94 -16 1
67 17 0
69 72 0
82 -72 0
79 -20 1
96 -10 0
43 88 1
77 -7 0
50 -76 0
-26 11 1
-27 -6 1
27 7 0
-45 59 0
48 19 1
49 -81 0
23 20 1
31 86 1
0 -20 1
22 -11 1
56 92 0
22 27 0
-66 -96 1
97 75 0
59 47 0
16 -15 1
86 -86 1
-78 -6 1
-66 -11 1
-95 88 0
94 -17 1
-5 -68 0
-24 -79 1
20 64 1
-29 -53 1
-38 -96 0
-37 -39 0
-27 -76 1
-98 -70 1
89 -56 1
21 -40 1
-43 -24 1
-78 -45 1
-20 71 1
-30 -31 0
-68 86 0
-93 -7 1
64 -6 0
78 -39 0
-72 -85 1
-51 -40 1
27 44 0
75 51 0
84 -5 1
-21 70 0
49 58 1
31 79 0
45 59 1
59 -99 0
96 50 1
54 -87 0
36 99 0
49 58 0
-5 98 0
-86 -17 0
71 25 1
63 3 1
-55 42 0
72 23 0
-72 -25 1
-10 -97 1
-81 -76 1
26 72 0
-33 93 1
-62 40 1
-36 -37 0
-50 -19 0
100 82 1
71 -88 0
32 3 1
-8 2 0
-89 -11 1
17 -77 1
-46 -57 1
83 -31 1
31 7 0
42 -75 0
-87 60 1
59 36 0
7 63 0
94 85 0
-51 88 0
66 48 0
1 -66 0
-88 -20 0
9 62 0
-89 -76 1
19 36 1
-61 -12 1
-62 59 0
-80 -35 1
-25 80 1
-25 53 0
-13 -32 1
-97 18 1
28 -96 1
-16 -91 0
36 -24 0
100 18 1
-28 97 1
-51 58 0
-86 50 1
23 77 0
-43 62 0
-29 -31 0
-44 -31 0
71 -13 1
-55 49 0
-56 -44 0
11 -6 0
86 -48 0
-47 -68 0
-5 77 1
-67 53 0
62 -29 0
91 -9 1
-15 73 1
-13 -11 0
42 -65 1
47 45 1
-90 94 1
-57 -28 0
-30 45 1
52 72 0
87 -13 0
88 -49 0
-88 -17 1
-89 47 0
-97 -48 0
-4 68 0
88 67 0
11 58 0
-77 -15 1
46 -31 0
67 36 1
64 89 0
52 -38 0
70 73 1
-28 92 0
41 10 0
-93 99 0
53 -84 0
89 -12 0
-38 -12 0
60 54 0
-33 -90 0
82 92 0
-89 -51 0
-45 -74 1
31 -11 0
20 -72 1
-32 6 1
-27 70 1
24 43 0
22 -46 0
27 77 0
-69 -20 1
11 90 1
-45 92 0
4 -62 1
43 -56 1
91 31 0
-70 -52 1
-15 -12 1
-10 -87 0
-83 -50 0
61 58 1
46 8 0
-1 -62 1
-13 32 0
59 66 1
32 58 1
-69 -25 0
86 13 1
100 17 1
-77 -49 0
76 -21 0
46 82 0
-77 26 1
-4 -20 1
-96 -11 1
31 -79 0
6 -66 1
3 58 1
10 36 0
-87 -19 0
30 -16 0
87 -82 1
-75 -8 1
-96 -36 1
-16 -25 0
-94 -10 1
44 19 1
57 -87 0
-17 90 1
-19 21 1
-71 -68 1
-6 -82 1
-17 24 0
-69 -40 1
59 -97 0
86 73 1
-56 -78 1
-30 62 1
28 59 0
-52 27 1
-24 33 0
-44 -68 1
-72 -30 1
29 32 0
-98 20 1
-14 -53 1
-86 -10 0
37 -20 0
10 99 0
-4 -63 0
8 84 0
16 -67 1
78 60 1
-73 -83 0
62 30 1
79 81 1
-18 -9 1
36 14 1
33 88 1
74 2 0
-54 -65 1
2 -43 0
-84 -1 0
-88 -49 1
62 -55 1
-22 84 0
-46 31 1
-6 69 1
4 89 1
8 -10 0
-5 -93 1
46 45 0
37 -52 0
-11 36 1
-1 -82 1
42 71 0
100 -72 1
57 21 0
50 -82 0
56 -79 0
70 93 1
6 -28 0
45 63 1
-5 91 1
8 -81 1
-26 81 0
-56 -21 0
31 92 1
-18 4 0
46 14 0
37 14 0
20 15 0
71 -40 1
-28 -82 0
-90 -62 0
79 55 0
-38 -56 1
55 -99 0
-85 65 0
18 -64 0
-68 15 1
31 99 1
23 -66 0
-53 87 1
40 -8 0
-26 -34 1
-47 77 0
85 -56 0
-67 30 0
81 54 0
-17 34 1
88 21 1
84 -99 0
-90 88 0
91 10 1
0 98 1
-12 -79 0
-42 -93 1
-46 -5 1
2 -1 0
65 9 1
-11 -17 1
-25 55 0
20 -66 0
-58 52 0
-58 91 0
85 56 0
53 -3 1
10 72 0
58 -70 0
49 -92 0
-63 33 1
-15 -28 1
32 -70 0
96 34 1
-14 -71 0
-28 -78 0
83 16 0
-33 85 1
29 53 0
-38 17 0
72 -11 0
-28 76 1
85 -85 1
-12 26 0
21 -4 0
11 -85 1
30 21 0
-57 37 0
-55 -2 1
72 -100 0
25 -60 0
-49 -86 0
-50 -83 1
64 14 1
73 -23 0
96 -92 1
70 -15 0
-12 -93 1
-14 77 0
-49 94 1
89 85 1
-21 50 1
-7 -42 1
-50 37 0
-66 -63 0
-5 -43 0
78 81 0
88 1 0
-96 65 1
95 -67 1
-2 31 1
94 16 0
-54 70 1
73 35 0
-28 -22 0
-48 99 1
43 13 0
-38 -64 0
-30 -4 0
-56 63 1
-86 43 1
86 -13 1
87 3 1
6 -44 1
18 -4 0
6 80 1
48 -4 1
0 64 0
38 -19 1
-25 -72 1
-14 -60 1
-12 89 1
77 74 1
4 -67 0
91 -33 0
-27 -88 1
-24 58 0
97 -71 1
91 0 0
73 22 0
39 5 1
91 -14 0
5 -47 1
-31 -52 0
-51 39 1
-83 -21 0
43 -72 0
8 53 1
-75 44 1
-7 19 0
-37 -7 1
-1 16 0
-48 29 0
-50 9 1
-47 25 1
36 67 1
-83 -3 1
6 -11 1
90 99 1
88 54 0
47 -32 1
-15 23 0
-71 -21 0
-33 56 0
-28 0 1
-82 -28 1
16 -65 0
-65 -69 0
-92 -79 1
-40 50 1
76 96 0
52 86 0
-82 100 0
2 -23 0
-82 -37 1
-11 -29 1
35 -78 0
-38 50 1
-42 30 1
24 -45 1
12 -22 0
58 54 1
26 12 1
59 -78 0
77 33 0
43 5 0
-53 -33 0
96 -76 1
-20 96 1
-48 77 0
-1 36 1
-92 42 0
19 -79 0
-42 -41 0
62 -67 1
-21 -78 1
-61 -41 1
26 -39 0
20 8 0
53 32 0
1 50 0
-46 81 1
48 -92 0
7 19 1
-10 25 1
-36 9 1
82 11 0
84 59 0
83 48 1
38 52 0
-51 88 1
-98 -16 1
85 -86 1
-9 -82 0
36 -84 0
18 42 0
27 30 0
-88 68 0
-27 -49 0
82 -91 0
-39 53 1
34 20 0
54 -4 0
-15 12 0
-15 -92 0
25 -25 1
1 73 0
-49 -77 1
-46 36 1
-93 44 0
15 -42 1
-98 -31 0
52 64 1
25 53 1
-19 -78 1
-54 -35 0
-85 42 0
25 -39 0
-97 -75 0
-65 -1 1
95 29 0
-36 57 0
18 54 0
-4 37 1
-65 -57 0
-75 49 1
-50 2 1
-77 33 0
45 85 1
-89 -39 0
96 41 1
-65 -77 0
33 27 0
-63 74 1
1 16 0
-39 -42 0
-94 94 1
-90 -13 0
-71 20 1
60 19 0
29 -84 0
37 -45 1
-10 5 1
-6 -68 0
-27 83 1
-72 69 1
36 -23 0
-60 -11 1
-28 7 0
100 68 1
63 -45 1
-30 -3 1
-19 -22 0
-30 3 0
-67 19 0
-88 -71 1
-23 -69 0
89 47 0
-13 18 0
-48 -7 0
-90 -47 0
-13 -79 1
-50 42 0
35 -11 1
-12 -25 0
30 71 1
49 -29 1
30 -97 1
57 -58 0
-69 -33 1
-2 -52 1
-71 89 0
-20 74 1
1 -20 0
-2 20 1
-16 -93 1
-12 -95 0
-1 90 1
-72 47 1
90 77 0
66 -33 1
22 -64 0
-96 5 1
-48 87 1
-22 96 0
72 -87 0
25 22 0
91 5 0
36 -38 1
3 -99 0
39 -52 1
39 29 1
-97 93 0
81 59 1
-57 97 1
6 51 0
35 44 0
-11 -4 0
80 -14 1
-65 86 0
30 -1 0
-2 -37 0
-66 -37 0
19 -80 0
49 -23 0
54 -18 1
-30 -93 1
71 -81 0
51 38 1
-22 -36 1
-51 52 1
-55 -85 1
-89 -36 0
99 -48 0
51 19 0
-12 -92 1
44 89 1
71 57 1
13 44 0
9 -87 1
-33 99 0
77 -57 1
59 18 1
51 61 0
39 50 1
-83 -66 0
43 -94 1
-68 -31 0
5 -26 0
-25 19 1
47 27 0
-41 -42 1
-63 -85 0
20 86 1
22 -87 0
34 35 1
95 96 1
-30 -14 0
90 20 1
1 0 1
28 71 0
-5 -4 0
-42 55 0
99 -65 1
53 41 0
-57 54 0
-23 -21 1
-61 -66 0
42 -52 0
-24 -9 1
-42 11 1
0 26 1
35 -4 0
30 100 1
85 -94 0
9 43 0
44 70 1
29 -1 0
-2 96 1
-86 -88 1
-56 91 1
44 68 1
-32 -91 1
-75 -8 1
16 26 0
97 -78 1
-72 1 1
-67 59 0
-9 82 1
-7 -1 0
27 -49 1
64 2 1
-96 91 0
-31 -42 1
-28 66 0
-6 70 0
48 25 1
64 -44 0
49 -73 0
5 40 1
-31 -43 0
-14 -69 0
-87 -8 0
38 45 0
-73 -83 0
55 44 1
1 -74 0
67 -71 1
-41 78 1
-69 -41 1
-83 56 1
-78 -13 0
-77 -66 1
-50 38 0
-72 77 0
9 87 1
11 -37 1
-80 -78 1
76 -35 1
-99 -44 1
41 -8 0
81 -22 1
-92 -56 1
85 3 1
-9 82 0
19 97 0
-4 36 1
99 -24 0
68 -61 0
49 -46 0
84 -69 0
-78 -63 0
-65 100 0
82 -36 1
88 -6 0
-65 -31 0
-54 -92 1
46 34 1
-16 51 1
-67 -95 1
-49 -91 1
-59 -9 0
74 99 1
-47 10 0
24 15 1
-70 8 0
94 34 1
-81 -53 0
-10 62 0
-24 12 1
58 86 0
-17 -20 1
-44 65 1
66 67 1
-67 82 1
43 95 1
-100 -77 0
53 -81 1
-8 66 1
-53 34 0
-86 8 1
-6 92 1
-27 -81 1
-18 -60 1
-35 42 0
57 40 0
64 -18 0
-41 -65 0
29 11 0
3 82 1
55 75 0
53 -31 0
-97 84 0
-34 -54 0
-74 -96 1
48 -90 1
-46 57 0
-78 9 0
84 -76 0
-83 -89 0
-54 -63 0
-54 -27 1
47 -1 0
59 -63 1
71 -58 0
97 -37 1
-32 92 1
55 -18 1
-19 -24 1
-18 21 1
92 -18 0
-95 -70 1
-10 39 1
88 -7 1
71 46 0
7 -8 1
13 -39 1
85 -7 1
-16 54 0
10 -7 1
-98 62 0
1 -14 0
-76 55 1
15 -52 0
20 24 1
-92 -63 1
84 73 1
-95 -57 0
26 -33 1
-34 45 0
-8 -71 1
6 -70 1
-18 99 0
-92 71 1
-23 76 1
59 -74 1
-61 54 1
-6 -57 1
-51 -52 0
-18 0 0
100 -88 1
96 43 0
-5 -21 1
-17 79 1
-60 39 0
-2 45 0
13 -81 1
-25 50 1
-69 -85 1
-65 -99 0
-23 47 1
30 -99 1
-62 84 1
15 95 1
-41 75 0
-49 79 1
18 30 1
61 -46 1
-65 -38 0
55 81 0
-5 42 1
-16 97 0
-21 81 0
-74 -38 1
-77 -36 0
-71 27 1
-58 29 1
-59 -31 0
-74 31 0
85 54 1
83 61 0
40 92 1
25 81 1
95 -98 0
-30 -22 0
39 15 1
5 5 1
-92 17 0
100 -3 1
8 90 0
-80 54 0
-25 -59 0
-72 -43 0
20 -39 1
-84 -92 0
-73 -59 0
1 79 0
-56 11 1
-63 -87 1
-94 45 1
35 76 0
76 10 1
14 -14 0
-11 99 1
87 43 1
-33 -1 0
-82 33 1
70 45 0
25 -86 1
-71 22 0
32 93 1
-10 -100 0
47 92 1
-33 24 1
62 -67 1
56 -10 0
63 47 0
-32 -17 1
58 -68 1
78 24 0
91 -30 0
-44 -88 1
72 35 1
-33 -64 0
90 -90 1
6 -39 0
36 -53 0
87 19 1
-44 49 1
16 29 0
-66 -38 0
-62 -63 1
-93 50 1
-13 -48 0
63 89 1
-97 -28 1
6 -60 0
-33 45 0
23 99 1
-9 -22 1
65 -61 1
77 -53 0
54 46 1
15 64 0
-22 -60 1
63 -17 0
29 19 0
64 -32 0
76 7 0
-85 -43 0
-9 13 1
72 -28 1
22 -29 1
35 -70 0
14 -9 1
59 -15 0
90 -14 1
75 41 0
-91 10 0
-34 -8 0
3 2 1
-66 27 0
91 -21 1
33 18 1
43 71 1
58 21 0
-58 26 1
-75 -2 1
-90 -68 1
99 -71 0
21 48 1
-70 -31 0
60 55 1
88 -78 1
31 -94 1
-31 91 0
94 -50 0
-36 -20 1
64 -26 1
-9 -40 1
-15 12 0
70 26 1
-94 22 0
-62 -79 1
-7 -8 0
-12 -23 1
85 -31 0
1 60 0
-77 -2 0
-53 28 0
-21 -97 1
-93 94 1
-9 11 0
0 -91 0
-3 39 0
47 -52 0
100 73 0
-8 76 1
68 85 1
-40 21 1
40 22 1
83 93 1
16 69 1
-56 20 1
-1 -57 1
97 56 1
-4 73 0
-52 -99 0
68 -82 0
48 27 1
11 -77 1
-100 -45 1
-61 -33 0
60 -4 0
-66 -66 0
32 -87 0
-12 49 0
-92 -90 1
-55 93 0
-65 -11 0
-56 -92 0
-11 97 1
-95 31 0
-38 -77 0
30 -16 0
77 20 1
-26 -76 0
60 63 0
-87 -78 0
-60 73 1
71 -66 0
4 68 1
98 59 0
-20 -2 0
27 41 0
66 -4 1
29 44 1
-94 -40 1
29 -62 0
-50 -21 0
52 81 1
45 -28 0
57 -96 1
58 17 0
50 -90 0
-42 -13 0
14 -81 0
-15 -56 0
44 19 1
29 -6 1
-27 -10 0
-14 89 1
94 30 1
7 -85 1
-46 -28 0
68 51 1
-96 85 0
-49 -95 0
47 -89 0
-87 -52 1
79 46 1
-93 -96 1
9 38 1
-62 -87 0
61 -69 0
6 -78 1
-15 -73 1
-78 43 0
62 -69 1
-63 -18 1
5 95 0
54 -21 1
66 -96 0
24 79 1
84 27 1
-84 85 1
0 36 0
85 45 0
-86 -60 0
-67 -16 0
66 14 1
-66 -76 1
68 -29 0
90 -78 1
63 7 0
62 92 1
17 -79 0
59 19 0
70 -97 1
-27 -68 1
-26 -41 1
73 82 0
-34 -5 1
-79 -30 0
-45 53 1
-48 -80 0
-27 -27 1
-92 -30 0
-45 -1 0
-63 -36 0
-23 -65 1
73 -20 0
30 -79 1
48 -71 1
-2 -84 0
-3 15 0
-89 -100 0
-75 -48 0
38 77 1
2 -69 1
16 -44 1
-86 -21 0
32 -10 0
-57 3 0
42 58 1
-35 -61 0
-72 38 1
44 -66 1
17 56 1
56 -72 1
41 87 1
22 96 0
21 -68 0
-23 -11 1
-95 79 0
80 -5 1
1 40 1
-85 19 1
-55 -32 1
-19 54 0
-93 9 1
-61 40 0
36 -88 0
25 -76 1
23 -2 0
-1 12 1
-1 83 1
-81 88 0
64 46 0
-79 90 1
-10 -93 0
-87 -64 1
-79 -89 1
40 38 0
-5 -51 0
-74 -36 1
29 -53 0
-73 46 1
-75 58 1
99 90 0
77 -50 1
90 63 0
13 -80 1
-70 -6 0
-22 -15 0
65 80 1
3 -49 1
96 11 1
57 32 0
-2 92 0
-33 -64 0
65 -87 0
-66 14 1
-69 20 0
58 78 0
-35 -89 0
-78 89 0
80 -7 1
91 5 0
89 9 1
-7 51 0
-51 41 1
46 -55 1
68 53 0
49 -55 1
-67 34 1
72 -72 1
96 -52 0
90 38 0
89 32 1
54 -57 0
10 -96 1
-51 -30 1
68 63 0
42 -63 1
61 61 0
-41 -43 0
-29 26 0
-62 -8 0
-47 -9 0
47 85 0
63 10 1
80 -58 0
-57 -93 1
49 -42 0
-80 -93 1
27 -15 1
97 -41 0
96 -35 1
-54 6 1
-26 -54 1
-47 -79 0
69 20 0
24 7 1
-48 -35 1
-36 -2 1
34 8 0
-99 17 1
45 27 1
2 -71 0
-15 30 0
-56 -65 0
97 -75 1
9 58 0
-4 79 0
2 -52 0
53 -91 1
-61 -63 1
-19 -4 1
-83 -33 0
-57 -49 0
57 1 0
-71 24 0
73 0 0
8 99 0
-56 3 0
-8 79 1
-92 -2 1
-87 -77 0
71 2 0
-92 -23 0
-44 -58 0
7 -6 0
97 -30 0
-32 -71 1
-17 61 0
49 66 0
-68 16 1
-63 20 0
-51 1 1
-36 -31 1
-52 84 1
15 100 1
0 84 0
-8 -24 0
-30 -61 0
14 22 1
-12 94 0
48 58 1
22 91 1
-4 -61 1
-73 -89 0
39 97 0
69 50 0
62 80 1
67 69 0
-56 -38 0
-68 2 1
2 -90 1
91 33 0
40 -56 0
-21 86 0
-34 82 1
-41 76 0
16 94 1
53 -68 1
100 69 0
37 -47 0
23 -98 0
-46 54 0
38 -94 0
-32 -24 0
-41 -60 1
-31 13 0
-14 -62 0
-61 58 0
59 0 1
3 61 1
-1 -44 1
31 54 0
91 40 1
-93 -2 0
69 -90 1
13 -56 0
-5 59 0
99 42 1
35 66 0
1 -25 0
-63 -74 1
-78 -88 0
51 81 1
49 46 1
99 26 0
-36 -13 0
78 16 0
-99 33 1
-97 25 0
98 1 0
-7 15 1
-7 96 1
-61 67 1
57 -2 1
20 -11 0
-44 88 1
20 -54 1
63 -56 0
32 -90 1
54 -90 0
-33 54 1
73 51 0
-16 21 0
17 -50 1
-96 -33 1
-50 -36 0
-21 -70 1
-19 6 1
-36 2 0
80 19 1
55 13 0
-93 59 0
-91 35 1
83 -35 0
34 -93 0
-32 -89 0
-37 96 1
9 -10 0
82 -69 0
12 28 0
42 14 0
43 -21 0
85 28 1
65 -29 1
32 -99 0
-93 37 1
13 -17 1
-1 63 0
1 64 1
-56 -82 1
-14 91 1
10 -29 0
-20 -55 1
-21 57 0
8 -48 1
-77 74 1
-97 -19 0
32 -93 1
30 -80 1
37 -85 1
67 38 1
9 -67 1
-67 -87 0
-88 30 0
68 -29 1
-100 6 0
-51 12 1
19 2 0
58 26 1
-69 -90 1
28 -52 1
25 28 1
60 -63 1
60 -92 0
-62 81 0
39 -73 0
-97 94 1
15 83 0
-65 -12 1
68 -14 1
34 -11 1
100 -15 0
27 33 1
88 34 0
-95 12 1
-24 -45 0
-66 75 0
33 74 0
-44 78 0
-3 -32 1
44 88 0
-27 -37 0
-15 18 1
-78 56 0
-76 -19 1
53 -36 0
67 62 0
28 -92 0
-79 -100 1
-25 -63 1
-2 35 0
12 68 1
-11 -2 1
-36 -23 0
68 -89 0
51 25 0
35 28 1
-84 -16 1
-82 58 1
-63 -31 1
-62 -97 1
43 -78 0
-79 77 1
-64 33 0
36 -3 0
-51 -47 1
-63 -58 0
-46 -81 0
46 -83 0
-80 -13 1
-3 96 0
18 -100 0
-43 -64 1
-27 92 1
-25 -54 1
93 -22 0
81 14 0
38 100 0
45 88 0
61 -44 0
1 -31 1
0 18 1
-54 81 1
-44 -94 0
58 2 0
-56 -11 0
36 87 0
66 3 0
-31 16 0
80 31 0
22 -29 0
71 45 1
6 32 0
86 -99 1
-80 -75 1
26 -51 1
13 -70 1
58 69 0
24 -33 0
43 66 0
34 -1 1
38 5 0
40 -81 1
12 81 0
34 62 0
28 -68 0
60 -35 1
41 12 0
81 -7 0
89 50 0
-7 56 0
-82 56 1
-55 -81 1
38 0 1
49 70 0
-80 -6 1
-61 72 1
-18 -64 1
10 70 1
-98 -73 1
60 89 0
-90 26 1
-77 -49 1
66 -24 0
-90 48 1
55 -89 0
-24 -30 1
63 52 1
87 82 1
59 -30 1
100 61 1
25 6 0
24 23 0
-47 88 1
-40 62 1
55 -95 1
39 -47 0
-90 -27 1
31 -40 0
-62 -18 0
31 -93 1
-93 -2 0
-13 34 0
86 -66 1
43 -65 0
53 -77 1
6 44 0
-89 18 1
-41 -86 0
-20 74 0
96 -94 1
93 99 0
-53 -15 0
-24 -11 0
92 53 0
4 -43 0
67 39 1
-91 -75 1
86 97 0
-96 79 0
90 -24 1
5 -68 0
54 -51 1
-78 95 0
-50 96 0
-82 -34 1
-95 98 0
-48 -8 0
79 6 1
-8 -29 1
45 -46 0
-13 36 1
44 -70 0
96 97 0
-34 -80 0
-16 -66 0
85 -93 1
-21 93 1
-95 -8 0
-29 -26 0
66 33 0
-69 14 1
84 82 0
-81 39 1
-21 -56 1
45 22 0
-23 74 1
13 89 0
-98 83 0
90 71 1
-83 20 0
-64 -25 1
-15 53 0
-68 87 1
-52 86 0
4 -14 0
-34 -80 0
77 -47 0
88 45 1
56 -35 0
-34 88 0
34 -35 0
40 -74 1
40 42 0
51 47 0
-54 60 0
-70 69 1
-31 17 0
-5 9 1
-43 76 1
-7 57 1
-10 -15 0
28 -81 1
-59 -53 0
15 -57 0
12 95 1
39 81 0
85 81 1
-10 -35 0
70 -3 1
60 41 1
-58 56 1
25 -77 0
99 -80 0
59 33 1
82 41 1
16 82 0
-22 64 1
55 -16 1
68 -90 1
-11 -57 1
62 77 0
26 -28 1
-9 41 0
-93 -5 1
-6 -20 1
10 3 0
46 -25 0
-35 65 1
-42 -43 0
8 -92 1
-83 -90 0
77 -93 0
96 88 0
25 68 0
-14 22 0
12 52 0
-69 23 1
-94 21 0
39 7 1
-86 16 1
-5 31 0
0 -16 0
-99 -45 1
8 10 1
64 100 1
95 -69 0
73 73 1
54 86 1
-5 23 0
0 -32 1
24 74 0
-38 -93 0
11 -1 0
-82 -69 1
24 -28 0
-84 20 1
-10 -43 1
91 -28 1
79 98 1
9 -56 0
0 -36 1
89 -26 0
-20 -92 1
-53 -25 1
64 42 0
59 -45 0
-54 -32 1
64 41 1
-3 -1 1
-97 74 0
67 88 0
-95 51 1
47 50 0
11 -41 0
93 -2 1
-52 -57 1
68 -75 1
16 64 0
-70 -85 0
33 -7 1
58 81 0
19 -38 1
-27 61 1
30 74 1
97 26 0
16 -83 1
66 -8 0
-97 2 1
13 -4 1
92 -94 1
22 55 0
73 -11 0
93 51 0
-100 60 1
72 42 0
-42 20 1
-80 -75 0
-42 59 0
3 76 0
13 -31 1
62 34 0
59 50 0
-99 -96 0
81 59 0
-64 35 1
-13 18 1
-61 7 0
-4 18 0
64 17 1
58 35 0
68 -8 1
87 37 1
7 -25 1
-57 34 1
39 43 1
85 32 0
31 57 1
-2 -8 0
62 0 1
73 99 0
89 41 1
16 -58 1
-60 42 1
43 -80 1
-35 54 1
48 -79 0
-98 -37 1
27 -52 0
-79 -63 0
-47 50 1
16 3 1
-4 -54 1
-75 -73 1
-86 46 1
81 90 0
-73 -50 1
4 84 1
52 7 0
-38 -48 0
-35 -17 1
-24 32 1
-26 -60 1
100 -29 1
-74 0 1
-75 -39 0
18 51 0
27 -42 0
85 6 1
98 18 0
83 98 1
-55 -23 1
-4 -9 1
89 -57 1
96 31 1
2 23 0
69 -92 0
-91 29 0
37 6 0
-28 -17 1
45 18 1
-25 -17 1
-92 -7 1
-53 -19 0
1 -73 1
-67 -69 0
-58 53 0
-64 -44 1
-97 -7 0
49 21 1
-55 -41 0
-37 -23 1
-59 31 1
49 30 1
36 -28 0
24 11 1
26 14 0
-55 15 1
-88 74 0
59 -67 0
48 79 0
-94 59 0
-13 74 0
40 -46 0
23 -78 0
-76 84 1
-24 -99 0
58 -84 0
-29 -45 1
-51 52 0
100 50 1
-15 85 0
71 28 0
41 100 1
-97 -55 1
58 9 0
89 -98 1
-27 89 0
-75 -28 0
-11 70 0
35 -3 0
-94 -20 0
22 -88 1
52 7 0
77 -16 0
87 92 0
28 22 0
39 -74 0
28 -60 1
36 24 0
